xof 0303txt 0032

AnimTicksPerSecond {
	30;
}
Material blinn1 {
	 1.000000; 1.000000; 1.000000; 1.000000;;
	 128.000000;
	 0.500000; 0.500000; 0.500000;;
	 0.000000; 0.000000; 0.000000;;
	TextureFileName {".\\Pineapple_D.dds";}
}
Frame Pineapple_ROOTSHJnt {
	FrameTransformMatrix {
		1.000000,0.000000,-0.000000,0.000000,0.000000,1.000000,-0.000000,0.000000,-0.000000,-0.000000,1.000000,0.000000,0.000000,0.985321,-0.000000,1.000000;;
	}
	Frame Pineapple_l_ArmFront_ClavicleSHJnt {
		FrameTransformMatrix {
			0.766044,0.000000,-0.642788,0.000000,-0.000000,1.000000,-0.000000,0.000000,0.642788,0.000000,0.766044,0.000000,0.943739,-0.828871,-0.823124,1.000000;;
		}
		Frame Pineapple_l_ArmFront_ShoulderSHJnt {
			FrameTransformMatrix {
				0.362999,0.931772,-0.005783,0.000000,-0.015899,-0.000012,-0.999874,0.000000,-0.931654,0.363045,0.014810,0.000000,0.432601,0.380816,-0.006879,1.000000;;
			}
			Frame Pineapple_l_ArmFront_ElbowSHJnt {
				FrameTransformMatrix {
					0.923780,0.000000,0.382924,0.000000,0.000000,1.000000,-0.000000,0.000000,-0.382924,-0.000000,0.923780,0.000000,0.902552,0.000000,-0.000000,1.000000;;
				}
				Frame Pineapple_l_ArmFront_WristSHJnt {
					FrameTransformMatrix {
						0.755728,-0.654886,-0.000008,0.000000,-0.000000,-0.000012,1.000000,0.000000,-0.654886,-0.755728,-0.000009,0.000000,1.314169,0.000000,0.000000,1.000000;;
					}
				}
			}
		}
	}
	Frame Pineapple_r_ArmFront_ClavicleSHJnt {
		FrameTransformMatrix {
			0.766044,0.000000,0.642788,0.000000,0.000000,1.000000,-0.000000,0.000000,-0.642788,-0.000000,0.766044,0.000000,-0.943739,-0.828871,-0.823124,1.000000;;
		}
		Frame Pineapple_r_ArmFront_ShoulderSHJnt {
			FrameTransformMatrix {
				0.362999,-0.931772,0.005783,0.000000,0.015899,-0.000012,-0.999874,0.000000,0.931654,0.363045,0.014810,0.000000,-0.432601,0.380816,-0.006879,1.000000;;
			}
			Frame Pineapple_r_ArmFront_ElbowSHJnt {
				FrameTransformMatrix {
					0.923780,0.000000,-0.382924,0.000000,-0.000000,1.000000,-0.000000,0.000000,0.382924,0.000000,0.923780,0.000000,-0.902552,0.000000,-0.000000,1.000000;;
				}
				Frame Pineapple_r_ArmFront_WristSHJnt {
					FrameTransformMatrix {
						0.755728,0.654886,0.000008,0.000000,0.000000,-0.000012,1.000000,0.000000,0.654886,-0.755728,-0.000009,0.000000,-1.314169,0.000000,0.000000,1.000000;;
					}
				}
			}
		}
	}
	Frame Pineapple_l_ArmMidFront_ClavicleSHJnt {
		FrameTransformMatrix {
			0.984808,0.000000,-0.173648,0.000000,-0.000000,1.000000,-0.000000,0.000000,0.173648,0.000000,0.984808,0.000000,1.236061,-0.828871,-0.183104,1.000000;;
		}
		Frame Pineapple_l_ArmMidFront_ShoulderSHJnt {
			FrameTransformMatrix {
				0.362863,0.931772,0.011488,0.000000,0.031673,-0.000011,-0.999498,0.000000,-0.931304,0.363045,-0.029516,0.000000,0.432439,0.380816,0.013703,1.000000;;
			}
			Frame Pineapple_l_ArmMidFront_ElbowSHJnt {
				FrameTransformMatrix {
					0.923780,0.000000,0.382924,0.000000,0.000000,1.000000,-0.000000,0.000000,-0.382924,-0.000000,0.923780,0.000000,0.902552,0.000000,0.000000,1.000000;;
				}
				Frame Pineapple_l_ArmMidFront_WristSHJnt {
					FrameTransformMatrix {
						0.989814,-0.142369,-0.000002,0.000000,-0.000000,-0.000011,1.000000,0.000000,-0.142369,-0.989814,-0.000011,0.000000,1.314169,-0.000000,-0.000000,1.000000;;
					}
				}
			}
		}
	}
	Frame Pineapple_r_ArmMidFront_ClavicleSHJnt {
		FrameTransformMatrix {
			0.984808,0.000000,0.173648,0.000000,0.000000,1.000000,-0.000000,0.000000,-0.173648,-0.000000,0.984808,0.000000,-1.236061,-0.828871,-0.183104,1.000000;;
		}
		Frame Pineapple_r_ArmMidFront_ShoulderSHJnt {
			FrameTransformMatrix {
				0.362863,-0.931772,-0.011488,0.000000,-0.031673,-0.000011,-0.999498,0.000000,0.931304,0.363045,-0.029516,0.000000,-0.432439,0.380816,0.013703,1.000000;;
			}
			Frame Pineapple_r_ArmMidFront_ElbowSHJnt {
				FrameTransformMatrix {
					0.923780,0.000000,-0.382924,0.000000,-0.000000,1.000000,-0.000000,0.000000,0.382924,0.000000,0.923780,0.000000,-0.902552,0.000000,0.000000,1.000000;;
				}
				Frame Pineapple_r_ArmMidFront_WristSHJnt {
					FrameTransformMatrix {
						0.989814,0.142369,0.000002,0.000000,0.000000,-0.000011,1.000000,0.000000,0.142369,-0.989814,-0.000011,0.000000,-1.314169,-0.000000,-0.000000,1.000000;;
					}
				}
			}
		}
	}
	Frame Pineapple_l_ArmMidBack_ClavicleSHJnt {
		FrameTransformMatrix {
			0.906308,0.000000,0.422618,0.000000,0.000000,1.000000,-0.000000,0.000000,-0.422618,-0.000000,0.906308,0.000000,1.135972,-0.828871,0.513360,1.000000;;
		}
		Frame Pineapple_l_ArmMidBack_ShoulderSHJnt {
			FrameTransformMatrix {
				0.363033,0.931772,-0.002917,0.000000,0.008011,0.000009,0.999968,0.000000,0.931742,-0.363045,-0.007461,0.000000,0.432642,0.380816,-0.003466,1.000000;;
			}
			Frame Pineapple_l_ArmMidBack_ElbowSHJnt {
				FrameTransformMatrix {
					0.923780,0.000000,-0.382924,0.000000,-0.000000,1.000000,-0.000000,0.000000,0.382924,0.000000,0.923780,0.000000,0.902552,0.000000,-0.000000,1.000000;;
				}
				Frame Pineapple_l_ArmMidBack_WristSHJnt {
					FrameTransformMatrix {
						0.909664,-0.415345,-0.000004,0.000000,-0.000000,0.000009,-1.000000,0.000000,0.415345,0.909664,0.000008,0.000000,1.314169,-0.000000,-0.000000,1.000000;;
					}
				}
			}
		}
	}
	Frame Pineapple_r_ArmMidBack_ClavicleSHJnt {
		FrameTransformMatrix {
			0.906308,0.000000,-0.422618,0.000000,-0.000000,1.000000,-0.000000,0.000000,0.422618,0.000000,0.906308,0.000000,-1.135972,-0.828871,0.513360,1.000000;;
		}
		Frame Pineapple_r_ArmMidBack_ShoulderSHJnt {
			FrameTransformMatrix {
				0.363033,-0.931772,0.002917,0.000000,-0.008011,0.000009,0.999968,0.000000,-0.931742,-0.363045,-0.007461,0.000000,-0.432642,0.380816,-0.003466,1.000000;;
			}
			Frame Pineapple_r_ArmMidBack_ElbowSHJnt {
				FrameTransformMatrix {
					0.923780,0.000000,0.382924,0.000000,0.000000,1.000000,-0.000000,0.000000,-0.382924,-0.000000,0.923780,0.000000,-0.902552,0.000000,-0.000000,1.000000;;
				}
				Frame Pineapple_r_ArmMidBack_WristSHJnt {
					FrameTransformMatrix {
						0.909664,0.415345,0.000004,0.000000,0.000000,0.000009,-1.000000,0.000000,-0.415345,0.909664,0.000008,0.000000,-1.314169,-0.000000,-0.000000,1.000000;;
					}
				}
			}
		}
	}
	Frame Pineapple_l_ArmBack_ClavicleSHJnt {
		FrameTransformMatrix {
			0.544639,0.000000,0.838671,0.000000,0.000000,1.000000,-0.000000,0.000000,-0.838671,-0.000000,0.544639,0.000000,0.675248,-0.828871,1.045160,1.000000;;
		}
		Frame Pineapple_l_ArmBack_ShoulderSHJnt {
			FrameTransformMatrix {
				0.363041,0.931772,0.001677,0.000000,-0.004660,0.000016,0.999989,0.000000,0.931761,-0.363045,0.004348,0.000000,0.432651,0.380816,0.002016,1.000000;;
			}
			Frame Pineapple_l_ArmBack_ElbowSHJnt {
				FrameTransformMatrix {
					0.923780,0.000000,-0.382924,0.000000,-0.000000,1.000000,-0.000000,0.000000,0.382924,0.000000,0.923780,0.000000,0.902552,-0.000000,-0.000000,1.000000;;
				}
				Frame Pineapple_l_ArmBack_WristSHJnt {
					FrameTransformMatrix {
						0.540725,-0.841200,-0.000013,0.000000,-0.000000,0.000016,-1.000000,0.000000,0.841200,0.540725,0.000009,0.000000,1.314169,-0.000000,-0.000000,1.000000;;
					}
				}
			}
		}
	}
	Frame Pineapple_r_ArmBack_ClavicleSHJnt {
		FrameTransformMatrix {
			0.544639,0.000000,-0.838671,0.000000,-0.000000,1.000000,-0.000000,0.000000,0.838671,0.000000,0.544639,0.000000,-0.675248,-0.828871,1.045160,1.000000;;
		}
		Frame Pineapple_r_ArmBack_ShoulderSHJnt {
			FrameTransformMatrix {
				0.363041,-0.931772,-0.001677,0.000000,0.004660,0.000016,0.999989,0.000000,-0.931761,-0.363045,0.004348,0.000000,-0.432651,0.380816,0.002016,1.000000;;
			}
			Frame Pineapple_r_ArmBack_ElbowSHJnt {
				FrameTransformMatrix {
					0.923780,0.000000,0.382924,0.000000,0.000000,1.000000,-0.000000,0.000000,-0.382924,-0.000000,0.923780,0.000000,-0.902552,-0.000000,-0.000000,1.000000;;
				}
				Frame Pineapple_r_ArmBack_WristSHJnt {
					FrameTransformMatrix {
						0.540725,0.841200,0.000013,0.000000,0.000000,0.000016,-1.000000,0.000000,-0.841200,0.540725,0.000009,0.000000,-1.314169,-0.000000,-0.000000,1.000000;;
					}
				}
			}
		}
	}
	Frame Pineapple_Spine_01_01SHJnt {
		FrameTransformMatrix {
			-1.000000,-0.000000,-0.000000,0.000000,0.000000,-0.000000,1.000000,0.000000,-0.000000,1.000000,0.000000,0.000000,-0.000000,1.657649,0.000000,1.000000;;
		}
		Frame Pineapple_Spine_01_02SHJnt {
			FrameTransformMatrix {
				1.000000,0.000000,-0.000000,0.000000,0.000000,1.000000,-0.000000,0.000000,-0.000000,-0.000000,1.000000,0.000000,-0.000000,-0.000000,2.588254,1.000000;;
			}
			Frame Pineapple_Spine_01_03SHJnt {
				FrameTransformMatrix {
					1.000000,0.000000,-0.000000,0.000000,0.000000,1.000000,-0.000000,0.000000,-0.000000,-0.000000,1.000000,0.000000,-0.000000,-0.000000,2.062294,1.000000;;
				}
				Frame Pineapple_Spine_01_04SHJnt {
					FrameTransformMatrix {
						0.000000,-0.000000,1.000000,0.000000,-1.000000,0.000000,0.000000,0.000000,0.000000,-1.000000,0.000000,0.000000,-0.000000,-0.000000,2.068945,1.000000;;
					}
				}
			}
		}
	}
	Frame Pineapple_l_Pupil_AuxSHJnt {
		FrameTransformMatrix {
			0.975549,0.034518,0.217054,0.000000,0.219543,-0.199125,-0.955066,0.000000,0.010254,0.979366,-0.201835,0.000000,0.538213,0.062455,-1.681030,1.000000;;
		}
	}
	Frame Pineapple_r_Pupil_AuxSHJnt {
		FrameTransformMatrix {
			0.975549,-0.034518,-0.217054,0.000000,-0.219543,-0.199125,-0.955066,0.000000,-0.010254,0.979366,-0.201835,0.000000,-0.538213,0.062455,-1.681030,1.000000;;
		}
	}
	Frame Pineapple_l_TopPupil_AuxSHJnt {
		FrameTransformMatrix {
			0.781862,-0.000694,0.623451,0.000000,0.623450,-0.000453,-0.781863,0.000000,0.000825,1.000000,0.000079,0.000000,1.112728,0.792359,-1.470014,1.000000;;
		}
	}
	Frame Pineapple_r_TopPupil_AuxSHJnt {
		FrameTransformMatrix {
			0.781862,0.000694,-0.623451,0.000000,-0.623450,-0.000453,-0.781863,0.000000,-0.000825,1.000000,0.000079,0.000000,-1.112728,0.792359,-1.470014,1.000000;;
		}
	}
	Frame Pineapple_l_UpperLidOpen_AuxSHJnt {
		FrameTransformMatrix {
			0.000976,0.000035,0.000217,0.000000,0.000220,-0.000199,-0.000955,0.000000,0.000010,0.000979,-0.000202,0.000000,0.533671,0.231367,-1.687476,1.000000;;
		}
	}
	Frame Pineapple_r_UpperLidOpen_AuxSHJnt {
		FrameTransformMatrix {
			0.000976,-0.000035,-0.000217,0.000000,-0.000220,-0.000199,-0.000955,0.000000,-0.000010,0.000979,-0.000202,0.000000,-0.533671,0.231367,-1.687476,1.000000;;
		}
	}
	Frame Pineapple_l_UpperLidClosed_AuxSHJnt {
		FrameTransformMatrix {
			0.975549,0.034518,0.217054,0.000000,0.219543,-0.199125,-0.955066,0.000000,0.010254,0.979366,-0.201835,0.000000,0.533671,0.231367,-1.687476,1.000000;;
		}
	}
	Frame Pineapple_r_UpperLidClosed_AuxSHJnt {
		FrameTransformMatrix {
			0.975549,-0.034518,-0.217054,0.000000,-0.219543,-0.199125,-0.955066,0.000000,-0.010254,0.979366,-0.201835,0.000000,-0.533671,0.231367,-1.687476,1.000000;;
		}
	}
	Frame Pineapple_l_LowerLidClosed_AuxSHJnt {
		FrameTransformMatrix {
			0.975549,0.034518,0.217054,0.000000,0.219543,-0.199125,-0.955066,0.000000,0.010254,0.979366,-0.201835,0.000000,0.533671,0.231367,-1.687476,1.000000;;
		}
	}
	Frame Pineapple_r_LowerLidClosed_AuxSHJnt {
		FrameTransformMatrix {
			0.975549,-0.034518,-0.217054,0.000000,-0.219543,-0.199125,-0.955066,0.000000,-0.010254,0.979366,-0.201835,0.000000,-0.533671,0.231367,-1.687476,1.000000;;
		}
	}
	Frame Pineapple_l_LowerLidOpen_AuxSHJnt {
		FrameTransformMatrix {
			0.000976,0.000035,0.000217,0.000000,0.000220,-0.000199,-0.000955,0.000000,0.000010,0.000979,-0.000202,0.000000,0.533671,0.231367,-1.687476,1.000000;;
		}
	}
	Frame Pineapple_r_LowerLidOpen_AuxSHJnt {
		FrameTransformMatrix {
			0.000976,-0.000035,-0.000217,0.000000,-0.000220,-0.000199,-0.000955,0.000000,-0.000010,0.000979,-0.000202,0.000000,-0.533671,0.231367,-1.687476,1.000000;;
		}
	}
	Frame Pineapple_l_TopUpperLidOpen_AuxSHJnt {
		FrameTransformMatrix {
			0.000782,-0.000001,0.000623,0.000000,0.000623,-0.000000,-0.000782,0.000000,0.000001,0.001000,0.000000,0.000000,1.099999,0.920689,-1.453907,1.000000;;
		}
	}
	Frame Pineapple_r_TopUpperLidOpen_AuxSHJnt {
		FrameTransformMatrix {
			0.000782,0.000001,-0.000623,0.000000,-0.000623,-0.000000,-0.000782,0.000000,-0.000001,0.001000,0.000000,0.000000,-1.099999,0.920689,-1.453907,1.000000;;
		}
	}
	Frame Pineapple_l_TopUpperLidClosed_AuxSHJnt {
		FrameTransformMatrix {
			0.781862,-0.000694,0.623451,0.000000,0.623450,-0.000453,-0.781863,0.000000,0.000825,1.000000,0.000079,0.000000,1.099999,0.920689,-1.453907,1.000000;;
		}
	}
	Frame Pineapple_r_TopUpperLidClosed_AuxSHJnt {
		FrameTransformMatrix {
			0.781862,0.000694,-0.623451,0.000000,-0.623450,-0.000453,-0.781863,0.000000,-0.000825,1.000000,0.000079,0.000000,-1.099999,0.920689,-1.453907,1.000000;;
		}
	}
	Frame Pineapple_l_TopLowerLidClosed_AuxSHJnt {
		FrameTransformMatrix {
			0.781862,-0.000694,0.623451,0.000000,0.623450,-0.000453,-0.781863,0.000000,0.000825,1.000000,0.000079,0.000000,1.099999,0.920689,-1.453907,1.000000;;
		}
	}
	Frame Pineapple_r_TopLowerLidClosed_AuxSHJnt {
		FrameTransformMatrix {
			0.781862,0.000694,-0.623451,0.000000,-0.623450,-0.000453,-0.781863,0.000000,-0.000825,1.000000,0.000079,0.000000,-1.099999,0.920689,-1.453907,1.000000;;
		}
	}
	Frame Pineapple_l_TopLowerLidOpen_AuxSHJnt {
		FrameTransformMatrix {
			0.000782,-0.000001,0.000623,0.000000,0.000623,-0.000000,-0.000782,0.000000,0.000001,0.001000,0.000000,0.000000,1.099999,0.920689,-1.453907,1.000000;;
		}
	}
	Frame Pineapple_r_TopLowerLidOpen_AuxSHJnt {
		FrameTransformMatrix {
			0.000782,0.000001,-0.000623,0.000000,-0.000623,-0.000000,-0.000782,0.000000,-0.000001,0.001000,0.000000,0.000000,-1.099999,0.920689,-1.453907,1.000000;;
		}
	}
}
Frame PineappleGeo {
	FrameTransformMatrix {
		1.000000,0.000000,-0.000000,0.000000,0.000000,1.000000,-0.000000,0.000000,-0.000000,-0.000000,1.000000,0.000000,0.000000,0.000000,-0.000000,1.000000;;
	}
	Mesh PineappleGeoShape {
		7148;
		-1.675646;  1.043704; -0.836061;,
		-1.419509;  0.883646; -1.234802;,
		-1.779652;  0.883646; -1.546734;,
		-2.088658;  1.043704; -1.138461;,
		-1.419509;  0.883646; -1.234802;,
		-1.061410;  1.043704; -1.545229;,
		-1.419665;  1.043704; -1.910850;,
		-1.779652;  0.883646; -1.546734;,
		-2.406582;  0.883646; -2.089741;,
		-2.113518;  1.035739; -2.428098;,
		-2.396139;  0.996272; -2.558568;,
		-2.658119;  0.883646; -2.307606;,
		-2.699646;  1.035739; -1.751382;,
		-2.406582;  0.883646; -2.089741;,
		-2.658119;  0.883646; -2.307606;,
		-2.869118;  0.996272; -2.012486;,
		-1.675646;  1.043704; -0.836061;,
		-1.522851;  1.002299; -0.717680;,
		-1.270978;  0.844323; -1.106154;,
		-1.419509;  0.883646; -1.234802;,
		-1.419509;  0.883646; -1.234802;,
		-1.270978;  0.844323; -1.106154;,
		-0.922433;  1.002299; -1.410896;,
		-1.061410;  1.043704; -1.545229;,
		-2.658119;  0.883646; -2.307606;,
		-2.396139;  0.996272; -2.558568;,
		-2.830049;  0.942095; -2.704519;,
		-2.945923;  0.883646; -2.556883;,
		-2.869118;  0.996272; -2.012486;,
		-2.658119;  0.883646; -2.307606;,
		-2.945923;  0.883646; -2.556883;,
		-3.075361;  0.942151; -2.420754;,
		-1.779652;  0.883646; -1.546734;,
		-1.419665;  1.043704; -1.910850;,
		-1.614359;  1.043704; -2.086965;,
		-1.952559;  0.883646; -1.696495;,
		-2.088658;  1.043704; -1.138461;,
		-1.779652;  0.883646; -1.546734;,
		-1.952559;  0.883646; -1.696495;,
		-2.290759;  1.043704; -1.306024;,
		-1.614359;  1.043704; -2.086965;,
		-1.807594;  1.043704; -2.242209;,
		-2.139794;  0.883646; -1.858666;,
		-1.952559;  0.883646; -1.696495;,
		-1.807594;  1.043704; -2.242209;,
		-2.113518;  1.035739; -2.428098;,
		-2.406582;  0.883646; -2.089741;,
		-2.139794;  0.883646; -1.858666;,
		-1.952559;  0.883646; -1.696495;,
		-2.139794;  0.883646; -1.858666;,
		-2.471995;  1.043704; -1.475123;,
		-2.290759;  1.043704; -1.306024;,
		-2.139794;  0.883646; -1.858666;,
		-2.406582;  0.883646; -2.089741;,
		-2.699646;  1.035739; -1.751382;,
		-2.471995;  1.043704; -1.475123;,
		-3.032458;  0.921073; -2.631834;,
		-2.949147;  0.956517; -2.725173;,
		-3.142457;  1.027610; -2.727108;,
		-3.112830;  0.956533; -2.535695;,
		-3.032458;  0.921073; -2.631834;,
		-3.142457;  1.027610; -2.727108;,
		-2.830049;  0.942095; -2.704519;,
		-2.949147;  0.956517; -2.725173;,
		-3.032458;  0.921073; -2.631834;,
		-2.945923;  0.883646; -2.556883;,
		-2.945923;  0.883646; -2.556883;,
		-3.032458;  0.921073; -2.631834;,
		-3.112830;  0.956533; -2.535695;,
		-3.075361;  0.942151; -2.420754;,
		-1.858783;  1.043704;  0.201699;,
		-1.858872;  0.883646; -0.272222;,
		-2.330485;  0.883646; -0.339939;,
		-2.369720;  1.043704;  0.170584;,
		-1.858872;  0.883646; -0.272222;,
		-1.725440;  1.043704; -0.726970;,
		-2.224489;  1.043704; -0.840874;,
		-2.330485;  0.883646; -0.339939;,
		-3.151461;  0.883646; -0.457819;,
		-3.087841;  1.035739; -0.900904;,
		-3.396134;  0.996272; -0.857873;,
		-3.480853;  0.883646; -0.505115;,
		-3.215082;  1.035739; -0.014733;,
		-3.151461;  0.883646; -0.457819;,
		-3.480853;  0.883646; -0.505115;,
		-3.498811;  0.996272; -0.142770;,
		-1.858783;  1.043704;  0.201699;,
		-1.666243;  1.002299;  0.218684;,
		-1.664368;  0.844323; -0.244294;,
		-1.858872;  0.883646; -0.272222;,
		-1.858872;  0.883646; -0.272222;,
		-1.664368;  0.844323; -0.244294;,
		-1.535900;  1.002299; -0.689094;,
		-1.725440;  1.043704; -0.726970;,
		-3.480853;  0.883646; -0.505115;,
		-3.396134;  0.996272; -0.857873;,
		-3.840072;  0.942095; -0.746075;,
		-3.857738;  0.883646; -0.559231;,
		-3.498811;  0.996272; -0.142770;,
		-3.480853;  0.883646; -0.505115;,
		-3.857738;  0.883646; -0.559231;,
		-3.893036;  0.942151; -0.374732;,
		-2.330485;  0.883646; -0.339939;,
		-2.224489;  1.043704; -0.840874;,
		-2.483491;  1.043704; -0.883777;,
		-2.556910;  0.883646; -0.372450;,
		-2.369720;  1.043704;  0.170584;,
		-2.330485;  0.883646; -0.339939;,
		-2.556910;  0.883646; -0.372450;,
		-2.630329;  1.043704;  0.138879;,
		-2.483491;  1.043704; -0.883777;,
		-2.729981;  1.043704; -0.909911;,
		-2.802098;  0.883646; -0.407655;,
		-2.556910;  0.883646; -0.372450;,
		-2.729981;  1.043704; -0.909911;,
		-3.087841;  1.035739; -0.900904;,
		-3.151461;  0.883646; -0.457819;,
		-2.802098;  0.883646; -0.407655;,
		-2.556910;  0.883646; -0.372450;,
		-2.802098;  0.883646; -0.407655;,
		-2.874215;  1.043704;  0.094602;,
		-2.630329;  1.043704;  0.138879;,
		-2.802098;  0.883646; -0.407655;,
		-3.151461;  0.883646; -0.457819;,
		-3.215082;  1.035739; -0.014733;,
		-2.874215;  1.043704;  0.094602;,
		-3.971057;  0.921073; -0.575501;,
		-3.951432;  0.956517; -0.699064;,
		-4.115102;  1.027610; -0.596184;,
		-3.986696;  0.956533; -0.451172;,
		-3.971057;  0.921073; -0.575501;,
		-4.115102;  1.027610; -0.596184;,
		-3.840072;  0.942095; -0.746075;,
		-3.951432;  0.956517; -0.699064;,
		-3.971057;  0.921073; -0.575501;,
		-3.857738;  0.883646; -0.559231;,
		-3.857738;  0.883646; -0.559231;,
		-3.971057;  0.921073; -0.575501;,
		-3.986696;  0.956533; -0.451172;,
		-3.893036;  0.942151; -0.374732;,
		-1.451814;  1.043704;  1.173738;,
		-1.708101;  0.883646;  0.775093;,
		-2.141462;  0.883646;  0.973089;,
		-1.898469;  1.043704;  1.423786;,
		-1.708101;  0.883646;  0.775093;,
		-1.841696;  1.043704;  0.320393;,
		-2.323108;  1.043704;  0.494367;,
		-2.141462;  0.883646;  0.973089;,
		-2.895849;  0.883646;  1.317759;,
		-3.081869;  1.035739;  0.910612;,
		-3.317962;  0.996272;  1.113483;,
		-3.198525;  0.883646;  1.456047;,
		-2.709829;  1.035739;  1.724907;,
		-2.895849;  0.883646;  1.317759;,
		-3.198525;  0.883646;  1.456047;,
		-3.017740;  0.996272;  1.770584;,
		-1.451814;  1.043704;  1.173738;,
		-1.280654;  1.002299;  1.083936;,
		-1.529373;  0.844323;  0.693435;,
		-1.708101;  0.883646;  0.775093;,
		-1.708101;  0.883646;  0.775093;,
		-1.529373;  0.844323;  0.693435;,
		-1.661765;  1.002299;  0.249787;,
		-1.841696;  1.043704;  0.320393;,
		-3.198525;  0.883646;  1.456047;,
		-3.317962;  0.996272;  1.113483;,
		-3.630992;  0.942095;  1.447537;,
		-3.544841;  0.883646;  1.614274;,
		-3.017740;  0.996272;  1.770584;,
		-3.198525;  0.883646;  1.456047;,
		-3.544841;  0.883646;  1.614274;,
		-3.474792;  0.942151;  1.788569;,
		-2.141462;  0.883646;  0.973089;,
		-2.323108;  1.043704;  0.494367;,
		-2.564192;  1.043704;  0.598295;,
		-2.349522;  0.883646;  1.068149;,
		-1.898469;  1.043704;  1.423786;,
		-2.141462;  0.883646;  0.973089;,
		-2.349522;  0.883646;  1.068149;,
		-2.134851;  1.043704;  1.538005;,
		-2.564192;  1.043704;  0.598295;,
		-2.785684;  1.043704;  0.709568;,
		-2.574823;  0.883646;  1.171086;,
		-2.349522;  0.883646;  1.068149;,
		-2.785684;  1.043704;  0.709568;,
		-3.081869;  1.035739;  0.910612;,
		-2.895849;  0.883646;  1.317759;,
		-2.574823;  0.883646;  1.171086;,
		-2.349522;  0.883646;  1.068149;,
		-2.574823;  0.883646;  1.171086;,
		-2.363961;  1.043704;  1.632606;,
		-2.134851;  1.043704;  1.538005;,
		-2.574823;  0.883646;  1.171086;,
		-2.895849;  0.883646;  1.317759;,
		-2.709829;  1.035739;  1.724907;,
		-2.363961;  1.043704;  1.632606;,
		-3.648968;  0.921073;  1.661848;,
		-3.699259;  0.956517;  1.547290;,
		-3.781330;  1.027610;  1.722323;,
		-3.594910;  0.956533;  1.774897;,
		-3.648968;  0.921073;  1.661848;,
		-3.781330;  1.027610;  1.722323;,
		-3.630992;  0.942095;  1.447537;,
		-3.699259;  0.956517;  1.547290;,
		-3.648968;  0.921073;  1.661848;,
		-3.544841;  0.883646;  1.614274;,
		-3.544841;  0.883646;  1.614274;,
		-3.648968;  0.921073;  1.661848;,
		-3.594910;  0.956533;  1.774897;,
		-3.474792;  0.942151;  1.788569;,
		-0.583939;  1.043704;  1.771464;,
		-1.015061;  0.883646;  1.574653;,
		-1.272591;  0.883646;  1.975505;,
		-0.824514;  1.043704;  2.223293;,
		-1.015061;  0.883646;  1.574653;,
		-1.373271;  1.043704;  1.264353;,
		-1.684212;  1.043704;  1.670974;,
		-1.272591;  0.883646;  1.975505;,
		-1.720896;  0.883646;  2.673302;,
		-2.097500;  1.035739;  2.431350;,
		-2.186441;  0.996272;  2.729655;,
		-1.900765;  0.883646;  2.953272;,
		-1.344290;  1.035739;  2.915254;,
		-1.720896;  0.883646;  2.673302;,
		-1.900765;  0.883646;  2.953272;,
		-1.578631;  0.996272;  3.120145;,
		-0.583939;  1.043704;  1.771464;,
		-0.488497;  1.002299;  1.603384;,
		-0.908850;  0.844323;  1.409332;,
		-1.015061;  0.883646;  1.574653;,
		-1.015061;  0.883646;  1.574653;,
		-0.908850;  0.844323;  1.409332;,
		-1.260073;  1.002299;  1.107681;,
		-1.373271;  1.043704;  1.264353;,
		-1.900765;  0.883646;  2.953272;,
		-2.186441;  0.996272;  2.729655;,
		-2.269184;  0.942095;  3.179914;,
		-2.106568;  0.883646;  3.273609;,
		-1.578631;  0.996272;  3.120145;,
		-1.900765;  0.883646;  2.953272;,
		-2.106568;  0.883646;  3.273609;,
		-1.953410;  0.942151;  3.382367;,
		-1.272591;  0.883646;  1.975505;,
		-1.684212;  1.043704;  1.670974;,
		-1.830841;  1.043704;  1.888740;,
		-1.396233;  0.883646;  2.167957;,
		-0.824514;  1.043704;  2.223293;,
		-1.272591;  0.883646;  1.975505;,
		-1.396233;  0.883646;  2.167957;,
		-0.961624;  1.043704;  2.447174;,
		-1.830841;  1.043704;  1.888740;,
		-1.957019;  1.043704;  2.102094;,
		-1.530121;  0.883646;  2.376357;,
		-1.396233;  0.883646;  2.167957;,
		-1.957019;  1.043704;  2.102094;,
		-2.097500;  1.035739;  2.431350;,
		-1.720896;  0.883646;  2.673302;,
		-1.530121;  0.883646;  2.376357;,
		-1.396233;  0.883646;  2.167957;,
		-1.530121;  0.883646;  2.376357;,
		-1.103223;  1.043704;  2.650621;,
		-0.961624;  1.043704;  2.447174;,
		-1.530121;  0.883646;  2.376357;,
		-1.720896;  0.883646;  2.673302;,
		-1.344290;  1.035739;  2.915254;,
		-1.103223;  1.043704;  2.650621;,
		-2.168446;  0.921073;  3.369925;,
		-2.272687;  0.956517;  3.300739;,
		-2.247104;  1.027610;  3.492358;,
		-2.061852;  0.956533;  3.435804;,
		-2.168446;  0.921073;  3.369925;,
		-2.247104;  1.027610;  3.492358;,
		-2.269184;  0.942095;  3.179914;,
		-2.272687;  0.956517;  3.300739;,
		-2.168446;  0.921073;  3.369925;,
		-2.106568;  0.883646;  3.273609;,
		-2.106568;  0.883646;  3.273609;,
		-2.168446;  0.921073;  3.369925;,
		-2.061852;  0.956533;  3.435804;,
		-1.953410;  0.942151;  3.382367;,
		 1.061033;  1.043704; -1.545489;,
		 1.419209;  0.883646; -1.235149;,
		 1.779275;  0.883646; -1.547169;,
		 1.419198;  1.043704; -1.911198;,
		 1.419209;  0.883646; -1.235149;,
		 1.675443;  1.043704; -0.836471;,
		 2.088380;  1.043704; -1.138972;,
		 1.779275;  0.883646; -1.547169;,
		 2.406072;  0.883646; -2.090328;,
		 2.699219;  1.035739; -1.752043;,
		 2.868628;  0.996272; -2.013189;,
		 2.657556;  0.883646; -2.308255;,
		 2.112926;  1.035739; -2.428615;,
		 2.406072;  0.883646; -2.090328;,
		 2.657556;  0.883646; -2.308255;,
		 2.395513;  0.996272; -2.559153;,
		 1.061033;  1.043704; -1.545489;,
		 0.922089;  1.002299; -1.411122;,
		 1.270709;  0.844323; -1.106465;,
		 1.419209;  0.883646; -1.235149;,
		 1.419209;  0.883646; -1.235149;,
		 1.270709;  0.844323; -1.106465;,
		 1.522677;  1.002299; -0.718053;,
		 1.675443;  1.043704; -0.836471;,
		 2.657556;  0.883646; -2.308255;,
		 2.868628;  0.996272; -2.013189;,
		 3.074918;  0.942095; -2.421874;,
		 2.945300;  0.883646; -2.557603;,
		 2.395513;  0.996272; -2.559153;,
		 2.657556;  0.883646; -2.308255;,
		 2.945300;  0.883646; -2.557603;,
		 2.829003;  0.942151; -2.705118;,
		 1.779275;  0.883646; -1.547169;,
		 2.088380;  1.043704; -1.138972;,
		 2.290441;  1.043704; -1.306585;,
		 1.952145;  0.883646; -1.696972;,
		 1.419198;  1.043704; -1.911198;,
		 1.779275;  0.883646; -1.547169;,
		 1.952145;  0.883646; -1.696972;,
		 1.613849;  1.043704; -2.087361;,
		 2.290441;  1.043704; -1.306585;,
		 2.471635;  1.043704; -1.475727;,
		 2.139341;  0.883646; -1.859189;,
		 1.952145;  0.883646; -1.696972;,
		 2.471635;  1.043704; -1.475727;,
		 2.699219;  1.035739; -1.752043;,
		 2.406072;  0.883646; -2.090328;,
		 2.139341;  0.883646; -1.859189;,
		 1.952145;  0.883646; -1.696972;,
		 2.139341;  0.883646; -1.859189;,
		 1.807047;  1.043704; -2.242651;,
		 1.613849;  1.043704; -2.087361;,
		 2.139341;  0.883646; -1.859189;,
		 2.406072;  0.883646; -2.090328;,
		 2.112926;  1.035739; -2.428615;,
		 1.807047;  1.043704; -2.242651;,
		 3.031816;  0.921073; -2.632575;,
		 3.112332;  0.956517; -2.536814;,
		 3.141791;  1.027610; -2.727876;,
		 2.948110;  0.956533; -2.725826;,
		 3.031816;  0.921073; -2.632575;,
		 3.141791;  1.027610; -2.727876;,
		 3.074918;  0.942095; -2.421874;,
		 3.112332;  0.956517; -2.536814;,
		 3.031816;  0.921073; -2.632575;,
		 2.945300;  0.883646; -2.557603;,
		 2.945300;  0.883646; -2.557603;,
		 3.031816;  0.921073; -2.632575;,
		 2.948110;  0.956533; -2.725826;,
		 2.829003;  0.942151; -2.705118;,
		 1.725263;  1.043704; -0.727392;,
		 1.858807;  0.883646; -0.272676;,
		 2.330403;  0.883646; -0.340508;,
		 2.224285;  1.043704; -0.841419;,
		 1.858807;  0.883646; -0.272676;,
		 1.858834;  1.043704;  0.201244;,
		 2.369763;  1.043704;  0.170003;,
		 2.330403;  0.883646; -0.340508;,
		 3.151350;  0.883646; -0.458589;,
		 3.215080;  1.035739; -0.015520;,
		 3.498779;  0.996272; -0.143626;,
		 3.480731;  0.883646; -0.505966;,
		 3.087621;  1.035739; -0.901660;,
		 3.151350;  0.883646; -0.458589;,
		 3.480731;  0.883646; -0.505966;,
		 3.395925;  0.996272; -0.858704;,
		 1.725263;  1.043704; -0.727392;,
		 1.535732;  1.002299; -0.689470;,
		 1.664310;  0.844323; -0.244701;,
		 1.858807;  0.883646; -0.272676;,
		 1.858807;  0.883646; -0.272676;,
		 1.664310;  0.844323; -0.244701;,
		 1.666298;  1.002299;  0.218276;,
		 1.858834;  1.043704;  0.201244;,
		 3.480731;  0.883646; -0.505966;,
		 3.498779;  0.996272; -0.143626;,
		 3.893268;  0.942095; -0.375915;,
		 3.857603;  0.883646; -0.560172;,
		 3.395925;  0.996272; -0.858704;,
		 3.480731;  0.883646; -0.505966;,
		 3.857603;  0.883646; -0.560172;,
		 3.839516;  0.942151; -0.747145;,
		 2.330403;  0.883646; -0.340508;,
		 2.369763;  1.043704;  0.170003;,
		 2.630364;  1.043704;  0.138234;,
		 2.556820;  0.883646; -0.373075;,
		 2.224285;  1.043704; -0.841419;,
		 2.330403;  0.883646; -0.340508;,
		 2.556820;  0.883646; -0.373075;,
		 2.483276;  1.043704; -0.884386;,
		 2.630364;  1.043704;  0.138234;,
		 2.874239;  1.043704;  0.093898;,
		 2.802000;  0.883646; -0.408340;,
		 2.556820;  0.883646; -0.373075;,
		 2.874239;  1.043704;  0.093898;,
		 3.215080;  1.035739; -0.015520;,
		 3.151350;  0.883646; -0.458589;,
		 2.802000;  0.883646; -0.408340;,
		 2.556820;  0.883646; -0.373075;,
		 2.802000;  0.883646; -0.408340;,
		 2.729760;  1.043704; -0.910580;,
		 2.483276;  1.043704; -0.884386;,
		 2.802000;  0.883646; -0.408340;,
		 3.151350;  0.883646; -0.458589;,
		 3.087621;  1.035739; -0.901660;,
		 2.729760;  1.043704; -0.910580;,
		 3.970917;  0.921073; -0.576472;,
		 3.986882;  0.956517; -0.452383;,
		 4.114958;  1.027610; -0.597190;,
		 3.950912;  0.956533; -0.700173;,
		 3.970917;  0.921073; -0.576472;,
		 4.114958;  1.027610; -0.597190;,
		 3.893268;  0.942095; -0.375915;,
		 3.986882;  0.956517; -0.452383;,
		 3.970917;  0.921073; -0.576472;,
		 3.857603;  0.883646; -0.560172;,
		 3.857603;  0.883646; -0.560172;,
		 3.970917;  0.921073; -0.576472;,
		 3.950912;  0.956533; -0.700173;,
		 3.839516;  0.942151; -0.747145;,
		 1.841775;  1.043704;  0.319942;,
		 1.708292;  0.883646;  0.774676;,
		 2.141701;  0.883646;  0.972566;,
		 2.323231;  1.043704;  0.493798;,
		 1.708292;  0.883646;  0.774676;,
		 1.452103;  1.043704;  1.173382;,
		 1.898819;  1.043704;  1.423320;,
		 2.141701;  0.883646;  0.972566;,
		 2.896173;  0.883646;  1.317051;,
		 2.710253;  1.035739;  1.724243;,
		 3.018176;  0.996272;  1.769846;,
		 3.198882;  0.883646;  1.455265;,
		 3.082093;  1.035739;  0.909858;,
		 2.896173;  0.883646;  1.317051;,
		 3.198882;  0.883646;  1.455265;,
		 3.318235;  0.996272;  1.112670;,
		 1.841775;  1.043704;  0.319942;,
		 1.661828;  1.002299;  0.249379;,
		 1.529544;  0.844323;  0.693061;,
		 1.708292;  0.883646;  0.774676;,
		 1.708292;  0.883646;  0.774676;,
		 1.529544;  0.844323;  0.693061;,
		 1.280921;  1.002299;  1.083622;,
		 1.452103;  1.043704;  1.173382;,
		 3.198882;  0.883646;  1.455265;,
		 3.018176;  0.996272;  1.769846;,
		 3.475627;  0.942095;  1.787699;,
		 3.545236;  0.883646;  1.613408;,
		 3.318235;  0.996272;  1.112670;,
		 3.198882;  0.883646;  1.455265;,
		 3.545236;  0.883646;  1.613408;,
		 3.631102;  0.942151;  1.446337;,
		 2.141701;  0.883646;  0.972566;,
		 1.898819;  1.043704;  1.423320;,
		 2.135229;  1.043704;  1.537481;,
		 2.349784;  0.883646;  1.067575;,
		 2.323231;  1.043704;  0.493798;,
		 2.141701;  0.883646;  0.972566;,
		 2.349784;  0.883646;  1.067575;,
		 2.564340;  1.043704;  0.597667;,
		 2.135229;  1.043704;  1.537481;,
		 2.364362;  1.043704;  1.632027;,
		 2.575110;  0.883646;  1.170457;,
		 2.349784;  0.883646;  1.067575;,
		 2.364362;  1.043704;  1.632027;,
		 2.710253;  1.035739;  1.724243;,
		 2.896173;  0.883646;  1.317051;,
		 2.575110;  0.883646;  1.170457;,
		 2.349784;  0.883646;  1.067575;,
		 2.575110;  0.883646;  1.170457;,
		 2.785859;  1.043704;  0.708886;,
		 2.564340;  1.043704;  0.597667;,
		 2.575110;  0.883646;  1.170457;,
		 2.896173;  0.883646;  1.317051;,
		 3.082093;  1.035739;  0.909858;,
		 2.785859;  1.043704;  0.708886;,
		 3.649376;  0.921073;  1.660957;,
		 3.595721;  0.956517;  1.773979;,
		 3.781752;  1.027610;  1.721398;,
		 3.699422;  0.956533;  1.546075;,
		 3.649376;  0.921073;  1.660957;,
		 3.781752;  1.027610;  1.721398;,
		 3.475627;  0.942095;  1.787699;,
		 3.595721;  0.956517;  1.773979;,
		 3.649376;  0.921073;  1.660957;,
		 3.545236;  0.883646;  1.613408;,
		 3.545236;  0.883646;  1.613408;,
		 3.649376;  0.921073;  1.660957;,
		 3.699422;  0.956533;  1.546075;,
		 3.631102;  0.942151;  1.446337;,
		 1.373581;  1.043704;  1.264017;,
		 1.015447;  0.883646;  1.574405;,
		 1.273075;  0.883646;  1.975194;,
		 1.684623;  1.043704;  1.670561;,
		 1.015447;  0.883646;  1.574405;,
		 0.584375;  1.043704;  1.771321;,
		 0.825060;  1.043704;  2.223090;,
		 1.273075;  0.883646;  1.975194;,
		 1.721550;  0.883646;  2.672881;,
		 1.345005;  1.035739;  2.914925;,
		 1.579397;  0.996272;  3.119759;,
		 1.901488;  0.883646;  2.952807;,
		 2.098097;  1.035739;  2.430836;,
		 1.721550;  0.883646;  2.672881;,
		 1.901488;  0.883646;  2.952807;,
		 2.187110;  0.996272;  2.729119;,
		 1.373581;  1.043704;  1.264017;,
		 1.260345;  1.002299;  1.107371;,
		 0.909195;  0.844323;  1.409110;,
		 1.015447;  0.883646;  1.574405;,
		 1.015447;  0.883646;  1.574405;,
		 0.909195;  0.844323;  1.409110;,
		 0.488892;  1.002299;  1.603264;,
		 0.584375;  1.043704;  1.771321;,
		 1.901488;  0.883646;  2.952807;,
		 1.579397;  0.996272;  3.119759;,
		 1.954582;  0.942095;  3.382087;,
		 2.107368;  0.883646;  3.273094;,
		 2.187110;  0.996272;  2.729119;,
		 1.901488;  0.883646;  2.952807;,
		 2.107368;  0.883646;  3.273094;,
		 2.269926;  0.942151;  3.178964;,
		 1.273075;  0.883646;  1.975194;,
		 0.825060;  1.043704;  2.223090;,
		 0.962225;  1.043704;  2.446939;,
		 1.396765;  0.883646;  2.167615;,
		 1.684623;  1.043704;  1.670561;,
		 1.273075;  0.883646;  1.975194;,
		 1.396765;  0.883646;  2.167615;,
		 1.831305;  1.043704;  1.888292;,
		 0.962225;  1.043704;  2.446939;,
		 1.103873;  1.043704;  2.650351;,
		 1.530704;  0.883646;  2.375983;,
		 1.396765;  0.883646;  2.167615;,
		 1.103873;  1.043704;  2.650351;,
		 1.345005;  1.035739;  2.914925;,
		 1.721550;  0.883646;  2.672881;,
		 1.530704;  0.883646;  2.375983;,
		 1.396765;  0.883646;  2.167615;,
		 1.530704;  0.883646;  2.375983;,
		 1.957535;  1.043704;  2.101615;,
		 1.831305;  1.043704;  1.888292;,
		 1.530704;  0.883646;  2.375983;,
		 1.721550;  0.883646;  2.672881;,
		 2.098097;  1.035739;  2.430836;,
		 1.957535;  1.043704;  2.101615;,
		 2.169271;  0.921073;  3.369395;,
		 2.063031;  0.956517;  3.435470;,
		 2.247959;  1.027610;  3.491808;,
		 2.273481;  0.956533;  3.299806;,
		 2.169271;  0.921073;  3.369395;,
		 2.247959;  1.027610;  3.491808;,
		 1.954582;  0.942095;  3.382087;,
		 2.063031;  0.956517;  3.435470;,
		 2.169271;  0.921073;  3.369395;,
		 2.107368;  0.883646;  3.273094;,
		 2.107368;  0.883646;  3.273094;,
		 2.169271;  0.921073;  3.369395;,
		 2.273481;  0.956533;  3.299806;,
		 2.269926;  0.942151;  3.178964;,
		 0.117367;  0.466690; -0.404686;,
		 0.000102;  0.506705; -0.421575;,
		-0.000000;  0.477608; -0.005315;,
		 0.225082;  0.506705; -0.355473;,
		 0.117367;  0.466690; -0.404686;,
		-0.000000;  0.477608; -0.005315;,
		 0.342593;  0.543535; -1.171076;,
		 0.000203;  0.403262; -0.837836;,
		 0.234735;  0.323233; -0.804058;,
		 0.342593;  0.543535; -1.171076;,
		 0.234735;  0.323233; -0.804058;,
		 0.450165;  0.403262; -0.705631;,
		 0.450165;  0.403262; -0.705631;,
		 0.234735;  0.323233; -0.804058;,
		 0.117367;  0.466690; -0.404686;,
		 0.225082;  0.506705; -0.355473;,
		 0.234735;  0.323233; -0.804058;,
		 0.000203;  0.403262; -0.837836;,
		 0.000102;  0.506705; -0.421575;,
		 0.117367;  0.466690; -0.404686;,
		-0.117172;  0.466690; -0.404744;,
		-0.225040;  0.506705; -0.355500;,
		-0.000000;  0.477608; -0.005315;,
		 0.000102;  0.506705; -0.421575;,
		-0.117172;  0.466690; -0.404744;,
		-0.000000;  0.477608; -0.005315;,
		-0.342024;  0.543535; -1.171243;,
		-0.450080;  0.403262; -0.705686;,
		-0.234344;  0.323233; -0.804173;,
		-0.342024;  0.543535; -1.171243;,
		-0.234344;  0.323233; -0.804173;,
		 0.000203;  0.403262; -0.837836;,
		 0.000203;  0.403262; -0.837836;,
		-0.234344;  0.323233; -0.804173;,
		-0.117172;  0.466690; -0.404744;,
		 0.000102;  0.506705; -0.421575;,
		-0.234344;  0.323233; -0.804173;,
		-0.450080;  0.403262; -0.705686;,
		-0.225040;  0.506705; -0.355500;,
		-0.117172;  0.466690; -0.404744;,
		-0.000051;  0.466690;  0.410946;,
		 0.117270;  0.506705;  0.394086;,
		-0.000000;  0.477608; -0.005315;,
		-0.117270;  0.506705;  0.394086;,
		-0.000051;  0.466690;  0.410946;,
		-0.000000;  0.477608; -0.005315;,
		-0.000148;  0.543535;  1.209745;,
		 0.234540;  0.403262;  0.793486;,
		-0.000102;  0.323233;  0.827207;,
		-0.000148;  0.543535;  1.209745;,
		-0.000102;  0.323233;  0.827207;,
		-0.234539;  0.403262;  0.793487;,
		-0.234539;  0.403262;  0.793487;,
		-0.000102;  0.323233;  0.827207;,
		-0.000051;  0.466690;  0.410946;,
		-0.117270;  0.506705;  0.394086;,
		-0.000102;  0.323233;  0.827207;,
		 0.234540;  0.403262;  0.793486;,
		 0.117270;  0.506705;  0.394086;,
		-0.000051;  0.466690;  0.410946;,
		-0.314646;  0.466690; -0.277841;,
		-0.378679;  0.506705; -0.178160;,
		-0.000000;  0.477608; -0.005315;,
		-0.225040;  0.506705; -0.355500;,
		-0.314646;  0.466690; -0.277841;,
		-0.000000;  0.477608; -0.005315;,
		-0.823247;  0.885824; -1.285716;,
		-1.145324;  0.732411; -0.997320;,
		-0.943939;  0.463507; -0.822894;,
		-0.675365;  0.583550; -1.055714;,
		-1.145324;  0.732411; -0.997320;,
		-1.384789;  0.885824; -0.637392;,
		-1.136036;  0.583550; -0.523850;,
		-0.943939;  0.463507; -0.822894;,
		-0.943939;  0.463507; -0.822894;,
		-1.136036;  0.583550; -0.523850;,
		-0.757357;  0.403262; -0.351005;,
		-0.629293;  0.323233; -0.550367;,
		-0.675365;  0.583550; -1.055714;,
		-0.943939;  0.463507; -0.822894;,
		-0.629293;  0.323233; -0.550367;,
		-0.450080;  0.403262; -0.705686;,
		-0.450080;  0.403262; -0.705686;,
		-0.629293;  0.323233; -0.550367;,
		-0.314646;  0.466690; -0.277841;,
		-0.225040;  0.506705; -0.355500;,
		-0.629293;  0.323233; -0.550367;,
		-0.757357;  0.403262; -0.351005;,
		-0.378679;  0.506705; -0.178160;,
		-0.314646;  0.466690; -0.277841;,
		-1.522851;  1.002299; -0.717680;,
		-1.384789;  0.885824; -0.637392;,
		-1.145324;  0.732411; -0.997320;,
		-1.270978;  0.844323; -1.106154;,
		-1.270978;  0.844323; -1.106154;,
		-1.145324;  0.732411; -0.997320;,
		-0.823247;  0.885824; -1.285716;,
		-0.922433;  1.002299; -1.410896;,
		-0.412035;  0.466690; -0.064477;,
		-0.412013;  0.506705;  0.053999;,
		-0.000000;  0.477608; -0.005315;,
		-0.378679;  0.506705; -0.178160;,
		-0.412035;  0.466690; -0.064477;,
		-0.000000;  0.477608; -0.005315;,
		-1.384789;  0.885824; -0.637392;,
		-1.499822;  0.732411; -0.220667;,
		-1.236105;  0.463507; -0.182801;,
		-1.136036;  0.583550; -0.523850;,
		-1.499822;  0.732411; -0.220667;,
		-1.506690;  0.885824;  0.211589;,
		-1.236040;  0.583550;  0.172626;,
		-1.236105;  0.463507; -0.182801;,
		-1.236105;  0.463507; -0.182801;,
		-1.236040;  0.583550;  0.172626;,
		-0.824027;  0.403262;  0.113312;,
		-0.824070;  0.323233; -0.123639;,
		-1.136036;  0.583550; -0.523850;,
		-1.236105;  0.463507; -0.182801;,
		-0.824070;  0.323233; -0.123639;,
		-0.757357;  0.403262; -0.351005;,
		-0.757357;  0.403262; -0.351005;,
		-0.824070;  0.323233; -0.123639;,
		-0.412035;  0.466690; -0.064477;,
		-0.378679;  0.506705; -0.178160;,
		-0.824070;  0.323233; -0.123639;,
		-0.824027;  0.403262;  0.113312;,
		-0.412013;  0.506705;  0.053999;,
		-0.412035;  0.466690; -0.064477;,
		-1.666243;  1.002299;  0.218684;,
		-1.506690;  0.885824;  0.211589;,
		-1.499822;  0.732411; -0.220667;,
		-1.664368;  0.844323; -0.244294;,
		-1.664368;  0.844323; -0.244294;,
		-1.499822;  0.732411; -0.220667;,
		-1.384789;  0.885824; -0.637392;,
		-1.535900;  1.002299; -0.689094;,
		-0.378615;  0.466690;  0.167669;,
		-0.314546;  0.506705;  0.267327;,
		-0.000000;  0.477608; -0.005315;,
		-0.412013;  0.506705;  0.053999;,
		-0.378615;  0.466690;  0.167669;,
		-0.000000;  0.477608; -0.005315;,
		-1.506690;  0.885824;  0.211589;,
		-1.378173;  0.732411;  0.624353;,
		-1.135846;  0.463507;  0.513637;,
		-1.236040;  0.583550;  0.172626;,
		-1.378173;  0.732411;  0.624353;,
		-1.150264;  0.885824;  0.991709;,
		-0.943639;  0.583550;  0.812611;,
		-1.135846;  0.463507;  0.513637;,
		-1.135846;  0.463507;  0.513637;,
		-0.943639;  0.583550;  0.812611;,
		-0.629093;  0.403262;  0.539969;,
		-0.757230;  0.323233;  0.340653;,
		-1.236040;  0.583550;  0.172626;,
		-1.135846;  0.463507;  0.513637;,
		-0.757230;  0.323233;  0.340653;,
		-0.824027;  0.403262;  0.113312;,
		-0.824027;  0.403262;  0.113312;,
		-0.757230;  0.323233;  0.340653;,
		-0.378615;  0.466690;  0.167669;,
		-0.412013;  0.506705;  0.053999;,
		-0.757230;  0.323233;  0.340653;,
		-0.629093;  0.403262;  0.539969;,
		-0.314546;  0.506705;  0.267327;,
		-0.378615;  0.466690;  0.167669;,
		-1.280654;  1.002299;  1.083936;,
