xof 0303txt 0032

AnimTicksPerSecond {
	30;
}
Material lambert1 {
	 1.000000; 1.000000; 1.000000; 1.000000;;
	 128.000000;
	 0.500000; 0.500000; 0.500000;;
	 0.000000; 0.000000; 0.000000;;
}
Material blinn1 {
	 1.000000; 1.000000; 1.000000; 1.000000;;
	 128.000000;
	 0.500000; 0.500000; 0.500000;;
	 0.000000; 0.000000; 0.000000;;
	TextureFileName {".\\Sub_D.dds";}
}
Frame SubFront_ROOTSHJnt {
	FrameTransformMatrix {
		0.959922,0.121869,-0.252382,0.000000,-0.117864,0.992546,0.030989,0.000000,0.254278,0.000000,0.967131,0.000000,0.000000,4.828248,-9.118102,1.000000;;
	}
	Frame SubFront_l_MiddleLeg_HipSHJnt {
		FrameTransformMatrix {
			0.709563,-0.704641,0.000000,0.000000,0.000000,0.000000,1.000000,0.000000,-0.704641,-0.709563,0.000000,0.000000,1.781046,-0.219524,-0.000000,1.000000;;
		}
		Frame SubFront_l_MiddleLeg_HipSHJnt_Sub_l_MiddleLeg_KneeSHJnt {
			FrameTransformMatrix {
				0.062584,0.000000,0.998040,0.000000,0.000000,1.000000,-0.000000,0.000000,-0.998040,-0.000000,0.062584,0.000000,1.268965,0.000000,-0.000000,1.000000;;
			}
		}
	}
	Frame SubFront_r_MiddleLeg_HipSHJnt {
		FrameTransformMatrix {
			-0.971963,-0.235132,0.000000,0.000000,0.000000,-0.000000,-1.000000,0.000000,0.235132,-0.971963,0.000000,0.000000,-1.781046,-0.219524,-0.000000,1.000000;;
		}
		Frame SubFront_r_MiddleLeg_HipSHJnt_Sub_r_MiddleLeg_KneeSHJnt {
			FrameTransformMatrix {
				-0.360950,0.000000,0.932585,0.000000,0.000000,1.000000,-0.000000,0.000000,-0.932585,-0.000000,-0.360950,0.000000,1.268965,-0.000000,-0.000000,1.000000;;
			}
		}
	}
	Frame SubFront_l_BackLeg_HipSHJnt {
		FrameTransformMatrix {
			0.681900,-0.694773,0.228696,0.000000,-0.074898,0.244696,0.966703,0.000000,-0.727600,-0.676324,0.114821,0.000000,1.781046,-0.219524,1.889000,1.000000;;
		}
		Frame SubFront_l_BackLeg_HipSHJnt_Sub_l_BackLeg_KneeSHJnt {
			FrameTransformMatrix {
				0.132033,0.000000,0.991245,0.000000,0.000000,1.000000,-0.000000,0.000000,-0.991245,-0.000000,0.132033,0.000000,1.268965,0.000000,-0.000000,1.000000;;
			}
		}
	}
	Frame SubFront_r_BackLeg_HipSHJnt {
		FrameTransformMatrix {
			-0.939925,-0.221286,0.259949,0.000000,-0.200930,-0.256992,-0.945295,0.000000,0.275985,-0.940738,0.197090,0.000000,-1.781046,-0.219524,1.889000,1.000000;;
		}
		Frame SubFront_r_BackLeg_HipSHJnt_Sub_r_BackLeg_KneeSHJnt {
			FrameTransformMatrix {
				-0.291465,0.000000,0.956582,0.000000,0.000000,1.000000,-0.000000,0.000000,-0.956582,-0.000000,-0.291465,0.000000,1.268965,-0.000000,-0.000000,1.000000;;
			}
		}
	}
	Frame SubFront_l_Pupil_AuxSHJnt {
		FrameTransformMatrix {
			0.800488,-0.403098,0.443543,0.000000,0.598015,0.487846,-0.635912,0.000000,0.039955,0.774285,0.631574,0.000000,1.095009,1.086433,-2.643838,1.000000;;
		}
	}
	Frame SubFront_r_Pupil_AuxSHJnt {
		FrameTransformMatrix {
			0.453167,-0.448611,-0.770317,0.000000,-0.598015,0.487846,-0.635912,0.000000,0.661073,0.748836,-0.047200,0.000000,-1.259129,1.092427,-2.483959,1.000000;;
		}
	}
	Frame SubFront_l_UpperLidOpen_AuxSHJnt {
		FrameTransformMatrix {
			0.000718,0.000026,0.000695,0.000000,0.000598,0.000488,-0.000636,0.000000,-0.000356,0.000873,0.000335,0.000000,1.082420,1.250808,-2.472449,1.000000;;
		}
	}
	Frame SubFront_r_UpperLidOpen_AuxSHJnt {
		FrameTransformMatrix {
			0.000718,-0.000026,-0.000695,0.000000,-0.000598,0.000488,-0.000636,0.000000,0.000356,0.000873,0.000335,0.000000,-1.082420,1.250808,-2.472449,1.000000;;
		}
	}
	Frame SubFront_l_UpperLidClosed_AuxSHJnt {
		FrameTransformMatrix {
			0.000718,0.000026,0.000695,0.000000,0.000598,0.000488,-0.000636,0.000000,-0.000356,0.000873,0.000335,0.000000,1.082420,1.250808,-2.472449,1.000000;;
		}
	}
	Frame SubFront_r_UpperLidClosed_AuxSHJnt {
		FrameTransformMatrix {
			0.000718,-0.000026,-0.000695,0.000000,-0.000598,0.000488,-0.000636,0.000000,0.000356,0.000873,0.000335,0.000000,-1.082420,1.250808,-2.472449,1.000000;;
		}
	}
	Frame SubFront_l_LowerLidOpen_AuxSHJnt {
		FrameTransformMatrix {
			0.000718,0.000026,0.000695,0.000000,0.000598,0.000488,-0.000636,0.000000,-0.000356,0.000873,0.000335,0.000000,1.082420,1.250808,-2.472449,1.000000;;
		}
	}
	Frame SubFront_r_LowerLidOpen_AuxSHJnt {
		FrameTransformMatrix {
			0.000718,-0.000026,-0.000695,0.000000,-0.000598,0.000488,-0.000636,0.000000,0.000356,0.000873,0.000335,0.000000,-1.082420,1.250808,-2.472449,1.000000;;
		}
	}
	Frame SubFront_l_LowerLidClosed_AuxSHJnt {
		FrameTransformMatrix {
			0.000718,0.000026,0.000695,0.000000,0.000598,0.000488,-0.000636,0.000000,-0.000356,0.000873,0.000335,0.000000,1.082420,1.250808,-2.472449,1.000000;;
		}
	}
	Frame SubFront_r_LowerLidClosed_AuxSHJnt {
		FrameTransformMatrix {
			0.000718,-0.000026,-0.000695,0.000000,-0.000598,0.000488,-0.000636,0.000000,0.000356,0.000873,0.000335,0.000000,-1.082420,1.250808,-2.472449,1.000000;;
		}
	}
	Frame SubMiddle1_ROOTSHJnt {
		FrameTransformMatrix {
			0.975570,0.003000,0.219670,0.000000,0.003000,0.999632,-0.026972,0.000000,-0.219670,0.026972,0.975201,0.000000,-0.756846,0.092929,6.200773,1.000000;;
		}
		Frame SubMiddle1_l_FrontLeg_HipSHJnt {
			FrameTransformMatrix {
				0.681921,-0.694780,-0.228613,0.000000,0.074871,-0.244610,0.966726,0.000000,-0.727583,-0.676348,-0.114786,0.000000,1.781046,-0.219524,-1.888949,1.000000;;
			}
			Frame SubMiddle1_l_FrontLeg_KneeSHJnt {
				FrameTransformMatrix {
					0.131981,0.000000,0.991252,0.000000,0.000000,1.000000,-0.000000,0.000000,-0.991252,-0.000000,0.131981,0.000000,1.268965,0.000000,-0.000000,1.000000;;
				}
			}
		}
		Frame SubMiddle1_r_FrontLeg_HipSHJnt {
			FrameTransformMatrix {
				-0.939925,-0.221286,-0.259949,0.000000,0.200930,0.256992,-0.945295,0.000000,0.275985,-0.940738,-0.197090,0.000000,-1.781046,-0.219524,-1.888949,1.000000;;
			}
			Frame SubMiddle1_r_FrontLeg_KneeSHJnt {
				FrameTransformMatrix {
					-0.291465,0.000000,0.956582,0.000000,0.000000,1.000000,-0.000000,0.000000,-0.956582,-0.000000,-0.291465,0.000000,1.268965,-0.000000,-0.000000,1.000000;;
				}
			}
		}
		Frame SubMiddle1_l_MiddleLeg_HipSHJnt {
			FrameTransformMatrix {
				0.709563,-0.704641,0.000000,0.000000,0.000000,0.000000,1.000000,0.000000,-0.704641,-0.709563,0.000000,0.000000,1.781046,-0.219524,-0.000000,1.000000;;
			}
			Frame SubMiddle1_l_MiddleLeg_KneeSHJnt {
				FrameTransformMatrix {
					0.062584,0.000000,0.998040,0.000000,0.000000,1.000000,-0.000000,0.000000,-0.998040,-0.000000,0.062584,0.000000,1.268965,0.000000,-0.000000,1.000000;;
				}
			}
		}
		Frame SubMiddle1_r_MiddleLeg_HipSHJnt {
			FrameTransformMatrix {
				-0.971963,-0.235132,0.000000,0.000000,0.000000,-0.000000,-1.000000,0.000000,0.235132,-0.971963,0.000000,0.000000,-1.781046,-0.219524,-0.000000,1.000000;;
			}
			Frame SubMiddle1_r_MiddleLeg_KneeSHJnt {
				FrameTransformMatrix {
					-0.360950,0.000000,0.932585,0.000000,0.000000,1.000000,-0.000000,0.000000,-0.932585,-0.000000,-0.360950,0.000000,1.268965,-0.000000,-0.000000,1.000000;;
				}
			}
		}
		Frame SubMiddle1_l_BackLeg_HipSHJnt {
			FrameTransformMatrix {
				0.681900,-0.694773,0.228696,0.000000,-0.074898,0.244696,0.966703,0.000000,-0.727600,-0.676324,0.114821,0.000000,1.781046,-0.219524,1.889000,1.000000;;
			}
			Frame SubMiddle1_l_BackLeg_KneeSHJnt {
				FrameTransformMatrix {
					0.132033,0.000000,0.991245,0.000000,0.000000,1.000000,-0.000000,0.000000,-0.991245,-0.000000,0.132033,0.000000,1.268965,0.000000,-0.000000,1.000000;;
				}
			}
		}
		Frame SubMiddle1_r_BackLeg_HipSHJnt {
			FrameTransformMatrix {
				-0.939925,-0.221286,0.259949,0.000000,-0.200930,-0.256992,-0.945295,0.000000,0.275985,-0.940738,0.197090,0.000000,-1.781046,-0.219524,1.889000,1.000000;;
			}
			Frame SubMiddle1_r_BackLeg_KneeSHJnt {
				FrameTransformMatrix {
					-0.291465,0.000000,0.956582,0.000000,0.000000,1.000000,-0.000000,0.000000,-0.956582,-0.000000,-0.291465,0.000000,1.268965,-0.000000,-0.000000,1.000000;;
				}
			}
		}
		Frame SubMiddle2_ROOTSHJnt {
			FrameTransformMatrix {
				0.971450,0.003506,0.237220,0.000000,0.003506,0.999570,-0.029127,0.000000,-0.237220,0.029127,0.971019,0.000000,-0.775279,0.095192,6.182930,1.000000;;
			}
			Frame SubMiddle2_l_FrontLeg_HipSHJnt {
				FrameTransformMatrix {
					0.681921,-0.694780,-0.228613,0.000000,0.074871,-0.244610,0.966726,0.000000,-0.727583,-0.676348,-0.114786,0.000000,1.781046,-0.219524,-1.888949,1.000000;;
				}
				Frame SubMiddle2_l_FrontLeg_KneeSHJnt {
					FrameTransformMatrix {
						0.131981,0.000000,0.991252,0.000000,0.000000,1.000000,-0.000000,0.000000,-0.991252,-0.000000,0.131981,0.000000,1.268965,0.000000,-0.000000,1.000000;;
					}
				}
			}
			Frame SubMiddle2_r_FrontLeg_HipSHJnt {
				FrameTransformMatrix {
					-0.939925,-0.221286,-0.259949,0.000000,0.200930,0.256992,-0.945295,0.000000,0.275985,-0.940738,-0.197090,0.000000,-1.781046,-0.219524,-1.888949,1.000000;;
				}
				Frame SubMiddle2_r_FrontLeg_KneeSHJnt {
					FrameTransformMatrix {
						-0.291465,0.000000,0.956582,0.000000,0.000000,1.000000,-0.000000,0.000000,-0.956582,-0.000000,-0.291465,0.000000,1.268965,-0.000000,-0.000000,1.000000;;
					}
				}
			}
			Frame SubMiddle2_l_MiddleLeg_HipSHJnt {
				FrameTransformMatrix {
					0.709563,-0.704641,0.000000,0.000000,0.000000,0.000000,1.000000,0.000000,-0.704641,-0.709563,0.000000,0.000000,1.781046,-0.219524,0.000000,1.000000;;
				}
				Frame SubMiddle2_l_MiddleLeg_KneeSHJnt {
					FrameTransformMatrix {
						0.062584,0.000000,0.998040,0.000000,0.000000,1.000000,-0.000000,0.000000,-0.998040,-0.000000,0.062584,0.000000,1.268965,0.000000,0.000000,1.000000;;
					}
				}
			}
			Frame SubMiddle2_r_MiddleLeg_HipSHJnt {
				FrameTransformMatrix {
					-0.971963,-0.235132,0.000000,0.000000,0.000000,-0.000000,-1.000000,0.000000,0.235132,-0.971963,0.000000,0.000000,-1.781046,-0.219524,0.000000,1.000000;;
				}
				Frame SubMiddle2_r_MiddleLeg_KneeSHJnt {
					FrameTransformMatrix {
						-0.360950,0.000000,0.932585,0.000000,0.000000,1.000000,-0.000000,0.000000,-0.932585,-0.000000,-0.360950,0.000000,1.268965,-0.000000,-0.000000,1.000000;;
					}
				}
			}
			Frame SubMiddle2_l_BackLeg_HipSHJnt {
				FrameTransformMatrix {
					0.681900,-0.694773,0.228696,0.000000,-0.074898,0.244696,0.966703,0.000000,-0.727600,-0.676324,0.114821,0.000000,1.781046,-0.219524,1.889000,1.000000;;
				}
				Frame SubMiddle2_l_BackLeg_KneeSHJnt {
					FrameTransformMatrix {
						0.132033,0.000000,0.991245,0.000000,0.000000,1.000000,-0.000000,0.000000,-0.991245,-0.000000,0.132033,0.000000,1.268965,0.000000,0.000000,1.000000;;
					}
				}
			}
			Frame SubMiddle2_r_BackLeg_HipSHJnt {
				FrameTransformMatrix {
					-0.939925,-0.221286,0.259949,0.000000,-0.200930,-0.256992,-0.945295,0.000000,0.275985,-0.940738,0.197090,0.000000,-1.781046,-0.219524,1.889000,1.000000;;
				}
				Frame SubMiddle2_r_BackLeg_KneeSHJnt {
					FrameTransformMatrix {
						-0.291465,0.000000,0.956582,0.000000,0.000000,1.000000,-0.000000,0.000000,-0.956582,-0.000000,-0.291465,0.000000,1.268965,-0.000000,0.000000,1.000000;;
					}
				}
			}
			Frame SubBack_ROOTSHJnt {
				FrameTransformMatrix {
					-0.978887,-0.002592,0.204385,0.000000,0.002592,0.999682,0.025095,0.000000,-0.204385,0.025095,-0.978569,0.000000,0.661701,-0.081247,6.199050,1.000000;;
				}
				Frame SubBack_l_MiddleLeg_HipSHJnt {
					FrameTransformMatrix {
						0.971963,-0.235132,0.000000,0.000000,0.000000,0.000000,1.000000,0.000000,-0.235132,-0.971963,0.000000,0.000000,1.781046,-0.219524,-0.000000,1.000000;;
					}
					Frame SubBack_l_MiddleLeg_KneeSHJnt {
						FrameTransformMatrix {
							-0.360950,0.000000,0.932585,0.000000,0.000000,1.000000,-0.000000,0.000000,-0.932585,-0.000000,-0.360950,0.000000,1.268965,0.000000,-0.000000,1.000000;;
						}
					}
				}
				Frame SubBack_r_MiddleLeg_HipSHJnt {
					FrameTransformMatrix {
						-0.709563,-0.704641,0.000000,0.000000,0.000000,-0.000000,-1.000000,0.000000,0.704641,-0.709563,0.000000,0.000000,-1.781046,-0.219524,-0.000000,1.000000;;
					}
					Frame SubBack_r_MiddleLeg_KneeSHJnt {
						FrameTransformMatrix {
							0.062584,0.000000,0.998040,0.000000,0.000000,1.000000,-0.000000,0.000000,-0.998040,-0.000000,0.062584,0.000000,1.268965,-0.000000,-0.000000,1.000000;;
						}
					}
				}
				Frame SubBack_l_BackLeg_HipSHJnt {
					FrameTransformMatrix {
						0.939899,-0.221360,0.259979,0.000000,-0.200941,0.257006,0.945289,0.000000,-0.276065,-0.940717,0.197079,0.000000,1.781046,-0.219524,1.889000,1.000000;;
					}
					Frame SubBack_l_BackLeg_KneeSHJnt {
						FrameTransformMatrix {
							-0.291498,0.000000,0.956571,0.000000,0.000000,1.000000,-0.000000,0.000000,-0.956571,-0.000000,-0.291498,0.000000,1.268965,0.000000,-0.000000,1.000000;;
						}
					}
				}
				Frame SubBack_r_BackLeg_HipSHJnt {
					FrameTransformMatrix {
						-0.681950,-0.694730,0.228680,0.000000,-0.074895,-0.244688,-0.966705,0.000000,0.727554,-0.676371,0.114833,0.000000,-1.781046,-0.219524,1.889000,1.000000;;
					}
					Frame SubBack_r_BackLeg_KneeSHJnt {
						FrameTransformMatrix {
							0.132062,0.000000,0.991241,0.000000,0.000000,1.000000,-0.000000,0.000000,-0.991241,-0.000000,0.132062,0.000000,1.268965,-0.000000,-0.000000,1.000000;;
						}
					}
				}
			}
		}
	}
}
Frame SandwichGeometry {
	FrameTransformMatrix {
		1.000000,0.000000,-0.000000,0.000000,0.000000,1.000000,-0.000000,0.000000,-0.000000,-0.000000,1.000000,0.000000,0.000000,0.000000,-0.000000,1.000000;;
	}
	Mesh SandwichGeometryShape {
		13884;
		 0.055000;  2.446255; -12.135654;,
		 0.208884;  2.331021; -12.125354;,
		 0.266573;  2.398566; -12.231560;,
		 0.112689;  2.513800; -12.241860;,
		 0.208884;  2.331021; -12.125354;,
		 0.380999;  2.259229; -12.077521;,
		 0.438689;  2.326774; -12.183727;,
		 0.266573;  2.398566; -12.231560;,
		 0.380999;  2.259229; -12.077521;,
		 0.554496;  2.237908; -11.996841;,
		 0.612185;  2.305453; -12.103046;,
		 0.438689;  2.326774; -12.183727;,
		 0.554496;  2.237908; -11.996841;,
		 0.712392;  2.269144; -11.891209;,
		 0.770082;  2.336689; -11.997415;,
		 0.612185;  2.305453; -12.103046;,
		 0.712392;  2.269144; -11.891209;,
		 0.839233;  2.349880; -11.770965;,
		 0.896922;  2.417425; -11.877171;,
		 0.770082;  2.336689; -11.997415;,
		 0.839233;  2.349880; -11.770965;,
		 0.922601;  2.472212; -11.647880;,
		 0.980290;  2.539757; -11.754086;,
		 0.896922;  2.417425; -11.877171;,
		 0.922601;  2.472212; -11.647880;,
		 0.953645;  2.620858; -11.536481;,
		 1.011334;  2.688403; -11.642687;,
		 0.980290;  2.539757; -11.754086;,
		 0.055000;  2.446255; -12.135654;,
		-0.062965;  2.590442; -12.108030;,
		 0.445340;  2.605650; -11.822256;,
		 0.208884;  2.331021; -12.125354;,
		 0.055000;  2.446255; -12.135654;,
		 0.445340;  2.605650; -11.822256;,
		 0.380999;  2.259229; -12.077521;,
		 0.208884;  2.331021; -12.125354;,
		 0.445340;  2.605650; -11.822256;,
		 0.554496;  2.237908; -11.996841;,
		 0.380999;  2.259229; -12.077521;,
		 0.445340;  2.605650; -11.822256;,
		 0.712392;  2.269144; -11.891209;,
		 0.554496;  2.237908; -11.996841;,
		 0.445340;  2.605650; -11.822256;,
		 0.839233;  2.349880; -11.770965;,
		 0.712392;  2.269144; -11.891209;,
		 0.445340;  2.605650; -11.822256;,
		 0.922601;  2.472212; -11.647880;,
		 0.839233;  2.349880; -11.770965;,
		 0.445340;  2.605650; -11.822256;,
		 0.138251;  2.540744; -12.245215;,
		 0.031182;  2.671614; -12.220143;,
		-0.005276;  2.657987; -12.214236;,
		 0.112689;  2.513800; -12.241860;,
		 0.285541;  2.430448; -12.235356;,
		 0.138251;  2.540744; -12.245215;,
		 0.112689;  2.513800; -12.241860;,
		 0.266573;  2.398566; -12.231560;,
		 0.450280;  2.361733; -12.189574;,
		 0.285541;  2.430448; -12.235356;,
		 0.266573;  2.398566; -12.231560;,
		 0.438689;  2.326774; -12.183727;,
		 0.616342;  2.341326; -12.112351;,
		 0.450280;  2.361733; -12.189574;,
		 0.438689;  2.326774; -12.183727;,
		 0.612185;  2.305453; -12.103046;,
		 0.767473;  2.371223; -12.011245;,
		 0.616342;  2.341326; -12.112351;,
		 0.612185;  2.305453; -12.103046;,
		 0.770082;  2.336689; -11.997415;,
		 0.888878;  2.448499; -11.896154;,
		 0.767473;  2.371223; -12.011245;,
		 0.770082;  2.336689; -11.997415;,
		 0.896922;  2.417425; -11.877171;,
		 0.968673;  2.565589; -11.778344;,
		 0.888878;  2.448499; -11.896154;,
		 0.896922;  2.417425; -11.877171;,
		 0.980290;  2.539757; -11.754086;,
		 0.194013;  2.595621; -12.195454;,
		 0.124943;  2.680044; -12.179279;,
		 0.031182;  2.671614; -12.220143;,
		 0.138251;  2.540744; -12.245215;,
		 0.318305;  2.502547; -12.187134;,
		 0.194013;  2.595621; -12.195454;,
		 0.138251;  2.540744; -12.245215;,
		 0.285541;  2.430448; -12.235356;,
		 0.457322;  2.444561; -12.148499;,
		 0.318305;  2.502547; -12.187134;,
		 0.285541;  2.430448; -12.235356;,
		 0.450280;  2.361733; -12.189574;,
		 0.597455;  2.427340; -12.083334;,
		 0.457322;  2.444561; -12.148499;,
		 0.450280;  2.361733; -12.189574;,
		 0.616342;  2.341326; -12.112351;,
		 0.724988;  2.452569; -11.998014;,
		 0.597455;  2.427340; -12.083334;,
		 0.616342;  2.341326; -12.112351;,
		 0.767473;  2.371223; -12.011245;,
		 0.827438;  2.517779; -11.900894;,
		 0.724988;  2.452569; -11.998014;,
		 0.767473;  2.371223; -12.011245;,
		 0.888878;  2.448499; -11.896154;,
		 0.894774;  2.616587; -11.801478;,
		 0.827438;  2.517779; -11.900894;,
		 0.888878;  2.448499; -11.896154;,
		 0.968673;  2.565589; -11.778344;,
		 0.194013;  2.595621; -12.195454;,
		 0.318305;  2.502547; -12.187134;,
		 0.520593;  2.693760; -11.960798;,
		 0.318305;  2.502547; -12.187134;,
		 0.457322;  2.444561; -12.148499;,
		 0.520593;  2.693760; -11.960798;,
		 0.457322;  2.444561; -12.148499;,
		 0.597455;  2.427340; -12.083334;,
		 0.520593;  2.693760; -11.960798;,
		 0.597455;  2.427340; -12.083334;,
		 0.724988;  2.452569; -11.998014;,
		 0.520593;  2.693760; -11.960798;,
		 0.724988;  2.452569; -11.998014;,
		 0.827438;  2.517779; -11.900894;,
		 0.520593;  2.693760; -11.960798;,
		 0.827438;  2.517779; -11.900894;,
		 0.894774;  2.616587; -11.801478;,
		 0.520593;  2.693760; -11.960798;,
		 0.894774;  2.616587; -11.801478;,
		 0.912951;  2.703620; -11.736253;,
		 0.520593;  2.693760; -11.960798;,
		-0.005276;  2.657987; -12.214236;,
		-0.062965;  2.590442; -12.108030;,
		 0.055000;  2.446255; -12.135654;,
		 0.112689;  2.513800; -12.241860;,
		 0.445340;  2.605650; -11.822256;,
		 0.953645;  2.620858; -11.536481;,
		 0.922601;  2.472212; -11.647880;,
		 1.011334;  2.688403; -11.642687;,
		 0.996849;  2.700505; -11.677235;,
		 0.968673;  2.565589; -11.778344;,
		 0.980290;  2.539757; -11.754086;,
		 0.996849;  2.700505; -11.677235;,
		 0.912951;  2.703620; -11.736253;,
		 0.894774;  2.616587; -11.801478;,
		 0.968673;  2.565589; -11.778344;,
		 0.520593;  2.693760; -11.960798;,
		 0.124943;  2.680044; -12.179279;,
		 0.194013;  2.595621; -12.195454;,
		 0.953645;  2.620858; -11.536481;,
		 0.445340;  2.605650; -11.822256;,
		 0.520593;  2.693760; -11.960798;,
		 0.912951;  2.703620; -11.736253;,
		 0.445340;  2.605650; -11.822256;,
		-0.062965;  2.590442; -12.108030;,
		 0.124943;  2.680044; -12.179279;,
		 0.520593;  2.693760; -11.960798;,
		-0.005276;  2.657987; -12.214236;,
		 0.031182;  2.671614; -12.220143;,
		 0.124943;  2.680044; -12.179279;,
		-0.062965;  2.590442; -12.108030;,
		 1.011334;  2.688403; -11.642687;,
		 0.953645;  2.620858; -11.536481;,
		 0.912951;  2.703620; -11.736253;,
		 0.996849;  2.700505; -11.677235;,
		 0.855838;  2.955999; -11.376465;,
		 0.735248;  3.103396; -11.348226;,
		 0.792937;  3.170941; -11.454432;,
		 0.913527;  3.023544; -11.482671;,
		 0.735248;  3.103396; -11.348226;,
		 0.581364;  3.218630; -11.358526;,
		 0.639053;  3.286175; -11.464732;,
		 0.792937;  3.170941; -11.454432;,
		 0.581364;  3.218630; -11.358526;,
		 0.409249;  3.290422; -11.406358;,
		 0.466938;  3.357967; -11.512564;,
		 0.639053;  3.286175; -11.464732;,
		 0.409249;  3.290422; -11.406358;,
		 0.235752;  3.311743; -11.487040;,
		 0.293441;  3.379288; -11.593245;,
		 0.466938;  3.357967; -11.512564;,
		 0.235752;  3.311743; -11.487040;,
		 0.077855;  3.280507; -11.592671;,
		 0.135544;  3.348052; -11.698877;,
		 0.293441;  3.379288; -11.593245;,
		 0.077855;  3.280507; -11.592671;,
		-0.048985;  3.199771; -11.712915;,
		 0.008704;  3.267316; -11.819121;,
		 0.135544;  3.348052; -11.698877;,
		-0.048985;  3.199771; -11.712915;,
		-0.132353;  3.077439; -11.836000;,
		-0.074664;  3.144984; -11.942206;,
		 0.008704;  3.267316; -11.819121;,
		-0.132353;  3.077439; -11.836000;,
		-0.164088;  2.925485; -11.949878;,
		-0.106398;  2.993030; -12.056084;,
		-0.074664;  3.144984; -11.942206;,
		-0.164088;  2.925485; -11.949878;,
		-0.141083;  2.758783; -12.043401;,
		-0.083393;  2.826328; -12.149607;,
		-0.106398;  2.993030; -12.056084;,
		 0.931330;  2.790868; -11.440479;,
		 0.855838;  2.955999; -11.376465;,
		 0.913527;  3.023544; -11.482671;,
		 0.989020;  2.858413; -11.546685;,
		 0.735248;  3.103396; -11.348226;,
		 0.855838;  2.955999; -11.376465;,
		 0.395124;  2.774826; -11.741940;,
		 0.581364;  3.218630; -11.358526;,
		 0.735248;  3.103396; -11.348226;,
		 0.395124;  2.774826; -11.741940;,
		 0.409249;  3.290422; -11.406358;,
		 0.581364;  3.218630; -11.358526;,
		 0.395124;  2.774826; -11.741940;,
		 0.235752;  3.311743; -11.487040;,
		 0.409249;  3.290422; -11.406358;,
		 0.395124;  2.774826; -11.741940;,
		 0.077855;  3.280507; -11.592671;,
		 0.235752;  3.311743; -11.487040;,
		 0.395124;  2.774826; -11.741940;,
		-0.048985;  3.199771; -11.712915;,
		 0.077855;  3.280507; -11.592671;,
		 0.395124;  2.774826; -11.741940;,
		-0.132353;  3.077439; -11.836000;,
		-0.048985;  3.199771; -11.712915;,
		 0.395124;  2.774826; -11.741940;,
		-0.164088;  2.925485; -11.949878;,
		-0.132353;  3.077439; -11.836000;,
		 0.395124;  2.774826; -11.741940;,
		-0.141083;  2.758783; -12.043401;,
		-0.164088;  2.925485; -11.949878;,
		 0.395124;  2.774826; -11.741940;,
		 0.855838;  2.955999; -11.376465;,
		 0.931330;  2.790868; -11.440479;,
		 0.395124;  2.774826; -11.741940;,
		 0.989020;  2.858413; -11.546685;,
		 0.913527;  3.023544; -11.482671;,
		 0.904772;  3.028645; -11.518559;,
		 0.977028;  2.870590; -11.579831;,
		 0.789349;  3.169725; -11.491530;,
		 0.904772;  3.028645; -11.518559;,
		 0.913527;  3.023544; -11.482671;,
		 0.792937;  3.170941; -11.454432;,
		 0.642059;  3.280021; -11.501390;,
		 0.789349;  3.169725; -11.491530;,
		 0.792937;  3.170941; -11.454432;,
		 0.639053;  3.286175; -11.464732;,
		 0.477320;  3.348736; -11.547172;,
		 0.642059;  3.280021; -11.501390;,
		 0.639053;  3.286175; -11.464732;,
		 0.466938;  3.357967; -11.512564;,
		 0.311258;  3.369143; -11.624395;,
		 0.477320;  3.348736; -11.547172;,
		 0.466938;  3.357967; -11.512564;,
		 0.293441;  3.379288; -11.593245;,
		 0.160128;  3.339246; -11.725501;,
		 0.311258;  3.369143; -11.624395;,
		 0.293441;  3.379288; -11.593245;,
		 0.135544;  3.348052; -11.698877;,
		 0.038723;  3.261970; -11.840592;,
		 0.160128;  3.339246; -11.725501;,
		 0.135544;  3.348052; -11.698877;,
		 0.008704;  3.267316; -11.819121;,
		-0.041073;  3.144880; -11.958403;,
		 0.038723;  3.261970; -11.840592;,
		 0.008704;  3.267316; -11.819121;,
		-0.074664;  3.144984; -11.942206;,
		-0.071447;  2.999438; -12.067400;,
		-0.041073;  3.144880; -11.958403;,
		-0.074664;  3.144984; -11.942206;,
		-0.106398;  2.993030; -12.056084;,
		-0.049429;  2.839880; -12.156916;,
		-0.071447;  2.999438; -12.067400;,
		-0.106398;  2.993030; -12.056084;,
		-0.083393;  2.826328; -12.149607;,
		 0.840850;  3.007342; -11.582256;,
		 0.901824;  2.873965; -11.633961;,
		 0.977028;  2.870590; -11.579831;,
		 0.904772;  3.028645; -11.518559;,
		 0.743449;  3.126394; -11.559447;,
		 0.840850;  3.007342; -11.582256;,
		 0.904772;  3.028645; -11.518559;,
		 0.789349;  3.169725; -11.491530;,
		 0.619157;  3.219469; -11.567767;,
		 0.743449;  3.126394; -11.559447;,
		 0.789349;  3.169725; -11.491530;,
		 0.642059;  3.280021; -11.501390;,
		 0.480140;  3.277454; -11.606401;,
		 0.619157;  3.219469; -11.567767;,
		 0.642059;  3.280021; -11.501390;,
		 0.477320;  3.348736; -11.547172;,
		 0.340006;  3.294676; -11.671567;,
		 0.480140;  3.277454; -11.606401;,
		 0.477320;  3.348736; -11.547172;,
		 0.311258;  3.369143; -11.624395;,
		 0.212473;  3.269446; -11.756886;,
		 0.340006;  3.294676; -11.671567;,
		 0.311258;  3.369143; -11.624395;,
		 0.160128;  3.339246; -11.725501;,
		 0.110024;  3.204236; -11.854008;,
		 0.212473;  3.269446; -11.756886;,
		 0.160128;  3.339246; -11.725501;,
		 0.038723;  3.261970; -11.840592;,
		 0.042688;  3.105428; -11.953423;,
		 0.110024;  3.204236; -11.854008;,
		 0.038723;  3.261970; -11.840592;,
		-0.041073;  3.144880; -11.958403;,
		 0.017056;  2.982695; -12.045402;,
		 0.042688;  3.105428; -11.953423;,
		-0.041073;  3.144880; -11.958403;,
		-0.071447;  2.999438; -12.067400;,
		 0.035637;  2.848050; -12.120940;,
		 0.017056;  2.982695; -12.045402;,
		-0.071447;  2.999438; -12.067400;,
		-0.049429;  2.839880; -12.156916;,
		 0.840850;  3.007342; -11.582256;,
		 0.743449;  3.126394; -11.559447;,
		 0.471431;  2.864169; -11.882421;,
		 0.743449;  3.126394; -11.559447;,
		 0.619157;  3.219469; -11.567767;,
		 0.471431;  2.864169; -11.882421;,
		 0.619157;  3.219469; -11.567767;,
		 0.480140;  3.277454; -11.606401;,
		 0.471431;  2.864169; -11.882421;,
		 0.480140;  3.277454; -11.606401;,
		 0.340006;  3.294676; -11.671567;,
		 0.471431;  2.864169; -11.882421;,
		 0.340006;  3.294676; -11.671567;,
		 0.212473;  3.269446; -11.756886;,
		 0.471431;  2.864169; -11.882421;,
		 0.212473;  3.269446; -11.756886;,
		 0.110024;  3.204236; -11.854008;,
		 0.471431;  2.864169; -11.882421;,
		 0.110024;  3.204236; -11.854008;,
		 0.042688;  3.105428; -11.953423;,
		 0.471431;  2.864169; -11.882421;,
		 0.042688;  3.105428; -11.953423;,
		 0.017056;  2.982695; -12.045402;,
		 0.471431;  2.864169; -11.882421;,
		 0.017056;  2.982695; -12.045402;,
		 0.035637;  2.848050; -12.120940;,
		 0.471431;  2.864169; -11.882421;,
		 0.901824;  2.873965; -11.633961;,
		 0.840850;  3.007342; -11.582256;,
		 0.471431;  2.864169; -11.882421;,
		-0.141083;  2.758783; -12.043401;,
		 0.395124;  2.774826; -11.741940;,
		 0.471431;  2.864169; -11.882421;,
		 0.035637;  2.848050; -12.120940;,
		 0.395124;  2.774826; -11.741940;,
		 0.931330;  2.790868; -11.440479;,
		 0.901824;  2.873965; -11.633961;,
		 0.471431;  2.864169; -11.882421;,
		-0.083393;  2.826328; -12.149607;,
		-0.141083;  2.758783; -12.043401;,
		 0.035637;  2.848050; -12.120940;,
		-0.049429;  2.839880; -12.156916;,
		 0.989020;  2.858413; -11.546685;,
		 0.977028;  2.870590; -11.579831;,
		 0.901824;  2.873965; -11.633961;,
		 0.931330;  2.790868; -11.440479;,
		 3.849519;  0.402024; -8.046734;,
		 3.911054;  0.000302; -8.062913;,
		 3.847484;  0.000302; -8.304695;,
		 3.785949;  0.402024; -8.288517;,
		 3.649725;  0.741305; -7.994204;,
		 3.849519;  0.402024; -8.046734;,
		 3.785949;  0.402024; -8.288517;,
		 3.586155;  0.741305; -8.235987;,
		 3.235607;  0.828330; -7.885324;,
		 3.649725;  0.741305; -7.994204;,
		 3.586155;  0.741305; -8.235987;,
		 3.172037;  0.828330; -8.127108;,
		 3.029355;  1.212029; -7.831097;,
		 3.235607;  0.828330; -7.885324;,
		 3.172037;  0.828330; -8.127108;,
		 2.965786;  1.212029; -8.072880;,
		 2.653783;  1.300302; -7.732352;,
		 3.029355;  1.212029; -7.831097;,
		 2.965786;  1.212029; -8.072880;,
		 2.590214;  1.300302; -7.974134;,
		 2.265090;  1.236580; -7.629614;,
		 2.653783;  1.300302; -7.732352;,
		 2.590214;  1.300302; -7.974134;,
		 2.201526;  1.236580; -7.871378;,
		 3.785949;  0.402024; -8.288517;,
		 3.847484;  0.000302; -8.304695;,
		 4.040911;  0.000302; -8.355551;,
		 3.969908;  0.463827; -8.336883;,
		 3.586155;  0.741305; -8.235987;,
		 3.785949;  0.402024; -8.288517;,
		 3.969908;  0.463827; -8.336883;,
		 3.742641;  0.858862; -8.277130;,
		 3.172037;  0.828330; -8.127108;,
		 3.586155;  0.741305; -8.235987;,
		 3.742641;  0.858862; -8.277130;,
		 3.345100;  1.074625; -8.172608;,
		 2.965786;  1.212029; -8.072880;,
		 3.172037;  0.828330; -8.127108;,
		 3.345100;  1.074625; -8.172608;,
		 3.025558;  1.402241; -8.088594;,
		 2.590214;  1.300302; -7.974134;,
		 2.965786;  1.212029; -8.072880;,
		 3.025558;  1.402241; -8.088594;,
		 2.590214;  1.500302; -7.974134;,
		 2.201526;  1.236580; -7.871378;,
		 2.590214;  1.300302; -7.974134;,
		 2.590214;  1.500302; -7.974134;,
		 2.141784;  1.426794; -7.855758;,
		 3.969908;  0.463827; -8.336883;,
		 4.040911;  0.000302; -8.355551;,
		 4.104480;  0.000302; -8.113769;,
		 4.033478;  0.463827; -8.095100;,
		 3.742641;  0.858862; -8.277130;,
		 3.969908;  0.463827; -8.336883;,
		 4.033478;  0.463827; -8.095100;,
		 3.806210;  0.858862; -8.035347;,
		 3.345100;  1.074625; -8.172608;,
		 3.742641;  0.858862; -8.277130;,
		 3.806210;  0.858862; -8.035347;,
		 3.408669;  1.074625; -7.930826;,
		 3.025558;  1.402241; -8.088594;,
		 3.345100;  1.074625; -8.172608;,
		 3.408669;  1.074625; -7.930826;,
		 3.089127;  1.402241; -7.846812;,
		 2.590214;  1.500302; -7.974134;,
		 3.025558;  1.402241; -8.088594;,
		 3.089127;  1.402241; -7.846812;,
		 2.653783;  1.500302; -7.732352;,
		 2.141784;  1.426794; -7.855758;,
		 2.590214;  1.500302; -7.974134;,
		 2.653783;  1.500302; -7.732352;,
		 2.205342;  1.426789; -7.613966;,
		 4.033478;  0.463827; -8.095100;,
		 4.104480;  0.000302; -8.113769;,
		 3.911054;  0.000302; -8.062913;,
		 3.849519;  0.402024; -8.046734;,
		 3.806210;  0.858862; -8.035347;,
		 4.033478;  0.463827; -8.095100;,
		 3.849519;  0.402024; -8.046734;,
		 3.649725;  0.741305; -7.994204;,
		 3.408669;  1.074625; -7.930826;,
		 3.806210;  0.858862; -8.035347;,
		 3.649725;  0.741305; -7.994204;,
		 3.235607;  0.828330; -7.885324;,
		 3.089127;  1.402241; -7.846812;,
		 3.408669;  1.074625; -7.930826;,
		 3.235607;  0.828330; -7.885324;,
		 3.029355;  1.212029; -7.831097;,
		 2.653783;  1.500302; -7.732352;,
		 3.089127;  1.402241; -7.846812;,
		 3.029355;  1.212029; -7.831097;,
		 2.653783;  1.300302; -7.732352;,
		 2.205342;  1.426789; -7.613966;,
		 2.653783;  1.500302; -7.732352;,
		 2.653783;  1.300302; -7.732352;,
		 2.265090;  1.236580; -7.629614;,
		 3.847484;  0.000302; -8.304695;,
		 3.911054;  0.000302; -8.062913;,
		 4.104480;  0.000302; -8.113769;,
		 4.040911;  0.000302; -8.355551;,
		 2.201526;  1.236580; -7.871378;,
		 2.141784;  1.426794; -7.855758;,
		 2.205342;  1.426789; -7.613966;,
		 2.265090;  1.236580; -7.629614;,
		 3.368934;  0.402024; -9.874612;,
		 3.430469;  0.000302; -9.890791;,
		 3.366900;  0.000302; -10.132573;,
		 3.305364;  0.402024; -10.116395;,
		 3.169140;  0.741305; -9.822083;,
		 3.368934;  0.402024; -9.874612;,
		 3.305364;  0.402024; -10.116395;,
		 3.105571;  0.741305; -10.063865;,
		 2.755022;  0.828330; -9.713202;,
		 3.169140;  0.741305; -9.822083;,
		 3.105571;  0.741305; -10.063865;,
		 2.691453;  0.828330; -9.954986;,
		 2.548770;  1.212029; -9.658975;,
		 2.755022;  0.828330; -9.713202;,
		 2.691453;  0.828330; -9.954986;,
		 2.485201;  1.212029; -9.900758;,
		 2.173198;  1.300302; -9.560229;,
		 2.548770;  1.212029; -9.658975;,
		 2.485201;  1.212029; -9.900758;,
		 2.109629;  1.300302; -9.802012;,
		 1.784543;  1.236580; -9.457351;,
		 2.173198;  1.300302; -9.560229;,
		 2.109629;  1.300302; -9.802012;,
		 1.720978;  1.236580; -9.699115;,
		 3.305364;  0.402024; -10.116395;,
		 3.366900;  0.000302; -10.132573;,
		 3.560326;  0.000302; -10.183429;,
		 3.489324;  0.463827; -10.164762;,
		 3.105571;  0.741305; -10.063865;,
		 3.305364;  0.402024; -10.116395;,
		 3.489324;  0.463827; -10.164762;,
		 3.262056;  0.858862; -10.105008;,
		 2.691453;  0.828330; -9.954986;,
		 3.105571;  0.741305; -10.063865;,
		 3.262056;  0.858862; -10.105008;,
		 2.864515;  1.074625; -10.000486;,
		 2.485201;  1.212029; -9.900758;,
		 2.691453;  0.828330; -9.954986;,
		 2.864515;  1.074625; -10.000486;,
		 2.544973;  1.402241; -9.916473;,
		 2.109629;  1.300302; -9.802012;,
		 2.485201;  1.212029; -9.900758;,
		 2.544973;  1.402241; -9.916473;,
		 2.109629;  1.500302; -9.802012;,
		 1.720978;  1.236580; -9.699115;,
		 2.109629;  1.300302; -9.802012;,
		 2.109629;  1.500302; -9.802012;,
		 1.661231;  1.426794; -9.683517;,
		 3.489324;  0.463827; -10.164762;,
		 3.560326;  0.000302; -10.183429;,
		 3.623895;  0.000302; -9.941647;,
		 3.552893;  0.463827; -9.922978;,
		 3.262056;  0.858862; -10.105008;,
		 3.489324;  0.463827; -10.164762;,
		 3.552893;  0.463827; -9.922978;,
		 3.325625;  0.858862; -9.863225;,
		 2.864515;  1.074625; -10.000486;,
		 3.262056;  0.858862; -10.105008;,
		 3.325625;  0.858862; -9.863225;,
		 2.928085;  1.074625; -9.758704;,
		 2.544973;  1.402241; -9.916473;,
		 2.864515;  1.074625; -10.000486;,
		 2.928085;  1.074625; -9.758704;,
		 2.608543;  1.402241; -9.674690;,
		 2.109629;  1.500302; -9.802012;,
		 2.544973;  1.402241; -9.916473;,
		 2.608543;  1.402241; -9.674690;,
		 2.173198;  1.500302; -9.560229;,
		 1.661231;  1.426794; -9.683517;,
		 2.109629;  1.500302; -9.802012;,
		 2.173198;  1.500302; -9.560229;,
		 1.724790;  1.426789; -9.441718;,
		 3.552893;  0.463827; -9.922978;,
		 3.623895;  0.000302; -9.941647;,
		 3.430469;  0.000302; -9.890791;,
		 3.368934;  0.402024; -9.874612;,
		 3.325625;  0.858862; -9.863225;,
		 3.552893;  0.463827; -9.922978;,
		 3.368934;  0.402024; -9.874612;,
		 3.169140;  0.741305; -9.822083;,
		 2.928085;  1.074625; -9.758704;,
		 3.325625;  0.858862; -9.863225;,
		 3.169140;  0.741305; -9.822083;,
		 2.755022;  0.828330; -9.713202;,
		 2.608543;  1.402241; -9.674690;,
		 2.928085;  1.074625; -9.758704;,
		 2.755022;  0.828330; -9.713202;,
		 2.548770;  1.212029; -9.658975;,
		 2.173198;  1.500302; -9.560229;,
		 2.608543;  1.402241; -9.674690;,
		 2.548770;  1.212029; -9.658975;,
		 2.173198;  1.300302; -9.560229;,
		 1.724790;  1.426789; -9.441718;,
		 2.173198;  1.500302; -9.560229;,
		 2.173198;  1.300302; -9.560229;,
		 1.784543;  1.236580; -9.457351;,
		 3.366900;  0.000302; -10.132573;,
		 3.430469;  0.000302; -9.890791;,
		 3.623895;  0.000302; -9.941647;,
		 3.560326;  0.000302; -10.183429;,
		 1.720978;  1.236580; -9.699115;,
		 1.661231;  1.426794; -9.683517;,
		 1.724790;  1.426789; -9.441718;,
		 1.784543;  1.236580; -9.457351;,
		-0.065590;  2.593652; -12.107415;,
		 0.055000;  2.446255; -12.135654;,
		 0.112689;  2.513800; -12.241860;,
		-0.007901;  2.661196; -12.213621;,
		 0.055000;  2.446255; -12.135654;,
		 0.208884;  2.331021; -12.125354;,
		 0.266573;  2.398566; -12.231560;,
		 0.112689;  2.513800; -12.241860;,
		 0.208884;  2.331021; -12.125354;,
		 0.380998;  2.259229; -12.077522;,
		 0.438688;  2.326774; -12.183728;,
		 0.266573;  2.398566; -12.231560;,
		 0.380998;  2.259229; -12.077522;,
		 0.554496;  2.237908; -11.996840;,
		 0.612185;  2.305453; -12.103046;,
		 0.438688;  2.326774; -12.183728;,
		 0.554496;  2.237908; -11.996840;,
		 0.712392;  2.269144; -11.891209;,
		 0.770082;  2.336689; -11.997415;,
		 0.612185;  2.305453; -12.103046;,
		 0.712392;  2.269144; -11.891209;,
		 0.839233;  2.349880; -11.770965;,
		 0.896922;  2.417425; -11.877171;,
		 0.770082;  2.336689; -11.997415;,
		 0.839233;  2.349880; -11.770965;,
		 0.922601;  2.472212; -11.647880;,
		 0.980290;  2.539757; -11.754086;,
		 0.896922;  2.417425; -11.877171;,
		 0.922601;  2.472212; -11.647880;,
		 0.954335;  2.624166; -11.534002;,
		 1.012024;  2.691711; -11.640208;,
		 0.980290;  2.539757; -11.754086;,
		 0.954335;  2.624166; -11.534002;,
		 0.931330;  2.790868; -11.440479;,
		 0.989020;  2.858413; -11.546685;,
		 1.012024;  2.691711; -11.640208;,
		-0.141083;  2.758783; -12.043401;,
		-0.065590;  2.593652; -12.107415;,
		-0.007901;  2.661196; -12.213621;,
		-0.083393;  2.826328; -12.149607;,
		 0.055000;  2.446255; -12.135654;,
		-0.065590;  2.593652; -12.107415;,
		 0.395124;  2.774826; -11.741940;,
		 0.208884;  2.331021; -12.125354;,
		 0.055000;  2.446255; -12.135654;,
		 0.395124;  2.774826; -11.741940;,
		 0.380998;  2.259229; -12.077522;,
		 0.208884;  2.331021; -12.125354;,
		 0.395124;  2.774826; -11.741940;,
		 0.554496;  2.237908; -11.996840;,
		 0.380998;  2.259229; -12.077522;,
		 0.395124;  2.774826; -11.741940;,
		 0.712392;  2.269144; -11.891209;,
		 0.554496;  2.237908; -11.996840;,
		 0.395124;  2.774826; -11.741940;,
		 0.839233;  2.349880; -11.770965;,
		 0.712392;  2.269144; -11.891209;,
		 0.395124;  2.774826; -11.741940;,
		 0.922601;  2.472212; -11.647880;,
		 0.839233;  2.349880; -11.770965;,
		 0.395124;  2.774826; -11.741940;,
		 0.954335;  2.624166; -11.534002;,
		 0.922601;  2.472212; -11.647880;,
		 0.395124;  2.774826; -11.741940;,
		 0.931330;  2.790868; -11.440479;,
		 0.954335;  2.624166; -11.534002;,
		 0.395124;  2.774826; -11.741940;,
		-0.065590;  2.593652; -12.107415;,
		-0.141083;  2.758783; -12.043401;,
		 0.395124;  2.774826; -11.741940;,
		-0.083393;  2.826328; -12.149607;,
		-0.007901;  2.661196; -12.213621;,
		 0.022828;  2.681824; -12.218187;,
		-0.049428;  2.839880; -12.156916;,
		 0.138251;  2.540744; -12.245215;,
		 0.022828;  2.681824; -12.218187;,
		-0.007901;  2.661196; -12.213621;,
		 0.112689;  2.513800; -12.241860;,
		 0.285541;  2.430448; -12.235356;,
		 0.138251;  2.540744; -12.245215;,
		 0.112689;  2.513800; -12.241860;,
		 0.266573;  2.398566; -12.231560;,
		 0.450280;  2.361733; -12.189574;,
		 0.285541;  2.430448; -12.235356;,
		 0.266573;  2.398566; -12.231560;,
		 0.438688;  2.326774; -12.183728;,
		 0.616342;  2.341326; -12.112350;,
		 0.450280;  2.361733; -12.189574;,
		 0.438688;  2.326774; -12.183728;,
		 0.612185;  2.305453; -12.103046;,
		 0.767473;  2.371223; -12.011245;,
		 0.616342;  2.341326; -12.112350;,
		 0.612185;  2.305453; -12.103046;,
		 0.770082;  2.336689; -11.997415;,
		 0.888878;  2.448499; -11.896154;,
		 0.767473;  2.371223; -12.011245;,
		 0.770082;  2.336689; -11.997415;,
		 0.896922;  2.417425; -11.877171;,
		 0.968673;  2.565589; -11.778344;,
		 0.888878;  2.448499; -11.896154;,
		 0.896922;  2.417425; -11.877171;,
		 0.980290;  2.539757; -11.754086;,
		 0.999048;  2.711032; -11.669346;,
		 0.968673;  2.565589; -11.778344;,
		 0.980290;  2.539757; -11.754086;,
		 1.012024;  2.691711; -11.640208;,
		 0.977029;  2.870590; -11.579830;,
		 0.999048;  2.711032; -11.669346;,
		 1.012024;  2.691711; -11.640208;,
		 0.989020;  2.858413; -11.546685;,
		 0.096612;  2.714674; -12.172645;,
		 0.035637;  2.848050; -12.120940;,
		-0.049428;  2.839880; -12.156916;,
		 0.022828;  2.681824; -12.218187;,
		 0.194013;  2.595621; -12.195454;,
		 0.096612;  2.714674; -12.172645;,
		 0.022828;  2.681824; -12.218187;,
		 0.138251;  2.540744; -12.245215;,
		 0.318305;  2.502547; -12.187134;,
		 0.194013;  2.595621; -12.195454;,
		 0.138251;  2.540744; -12.245215;,
		 0.285541;  2.430448; -12.235356;,
		 0.457322;  2.444561; -12.148499;,
		 0.318305;  2.502547; -12.187134;,
		 0.285541;  2.430448; -12.235356;,
		 0.450280;  2.361733; -12.189574;,
		 0.597455;  2.427340; -12.083334;,
		 0.457322;  2.444561; -12.148499;,
		 0.450280;  2.361733; -12.189574;,
		 0.616342;  2.341326; -12.112350;,
		 0.724988;  2.452569; -11.998014;,
		 0.597455;  2.427340; -12.083334;,
		 0.616342;  2.341326; -12.112350;,
		 0.767473;  2.371223; -12.011245;,
		 0.827438;  2.517779; -11.900894;,
		 0.724988;  2.452569; -11.998014;,
		 0.767473;  2.371223; -12.011245;,
		 0.888878;  2.448499; -11.896154;,
		 0.894774;  2.616587; -11.801478;,
		 0.827438;  2.517779; -11.900894;,
		 0.888878;  2.448499; -11.896154;,
		 0.968673;  2.565589; -11.778344;,
		 0.920406;  2.739320; -11.709499;,
		 0.894774;  2.616587; -11.801478;,
		 0.968673;  2.565589; -11.778344;,
		 0.999048;  2.711032; -11.669346;,
		 0.901824;  2.873965; -11.633961;,
		 0.920406;  2.739320; -11.709499;,
		 0.999048;  2.711032; -11.669346;,
		 0.977029;  2.870590; -11.579830;,
		 0.096612;  2.714674; -12.172645;,
		 0.194013;  2.595621; -12.195454;,
		 0.471431;  2.864169; -11.882421;,
		 0.194013;  2.595621; -12.195454;,
		 0.318305;  2.502547; -12.187134;,
		 0.471431;  2.864169; -11.882421;,
		 0.318305;  2.502547; -12.187134;,
		 0.457322;  2.444561; -12.148499;,
		 0.471431;  2.864169; -11.882421;,
		 0.457322;  2.444561; -12.148499;,
		 0.597455;  2.427340; -12.083334;,
		 0.471431;  2.864169; -11.882421;,
