xof 0303txt 0032

AnimTicksPerSecond {
	30;
}
Material blinn1 {
	 1.000000; 1.000000; 1.000000; 1.000000;;
	 128.000000;
	 0.500000; 0.500000; 0.500000;;
	 0.000000; 0.000000; 0.000000;;
	TextureFileName {".\\Ramen_D.dds";}
}
Frame Ramen_ROOTSHJnt {
	FrameTransformMatrix {
		1.000000,0.000000,-0.000000,0.000000,0.000000,1.000000,-0.000000,0.000000,-0.000000,-0.000000,1.000000,0.000000,0.000000,2.525525,-0.000000,1.000000;;
	}
	Frame Ramen_Broth_AuxSHJnt {
		FrameTransformMatrix {
			1.000000,0.000000,-0.000000,0.000000,0.000000,1.000000,-0.000000,0.000000,-0.000000,-0.000000,1.000000,0.000000,0.000000,0.000000,0.000000,1.000000;;
		}
	}
	Frame Ramen_Noodles_AuxSHJnt {
		FrameTransformMatrix {
			1.000000,0.000000,-0.000000,0.000000,0.000000,1.000000,-0.000000,0.000000,-0.000000,-0.000000,1.000000,0.000000,0.000000,0.000000,0.000000,1.000000;;
		}
		Frame Ramen_l_Pupil_AuxSHJnt {
			FrameTransformMatrix {
				-0.939354,-0.030415,-0.341597,0.000000,0.118185,0.906336,-0.405693,0.000000,0.321941,-0.421462,-0.847776,0.000000,0.746906,0.489961,-1.789813,1.000000;;
			}
		}
		Frame Ramen_r_Pupil_AuxSHJnt {
			FrameTransformMatrix {
				-0.939354,0.030415,0.341597,0.000000,-0.118185,0.906336,-0.405693,0.000000,-0.321941,-0.421462,-0.847776,0.000000,-0.746906,0.489961,-1.789813,1.000000;;
			}
		}
		Frame Ramen_l_UpperLidOpen_AuxSHJnt {
			FrameTransformMatrix {
				-0.939354,-0.030415,-0.341597,0.000000,0.118185,0.906336,-0.405693,0.000000,0.321941,-0.421462,-0.847776,0.000000,0.743971,0.467447,-1.779736,1.000000;;
			}
		}
		Frame Ramen_r_UpperLidOpen_AuxSHJnt {
			FrameTransformMatrix {
				-0.939354,0.030415,0.341597,0.000000,-0.118185,0.906336,-0.405693,0.000000,-0.321941,-0.421462,-0.847776,0.000000,-0.743971,0.467447,-1.779736,1.000000;;
			}
		}
		Frame Ramen_l_UpperLidClosed_AuxSHJnt {
			FrameTransformMatrix {
				-0.939354,-0.030415,-0.341597,0.000000,0.118185,0.906336,-0.405693,0.000000,0.321941,-0.421462,-0.847776,0.000000,0.743971,0.467447,-1.779736,1.000000;;
			}
		}
		Frame Ramen_r_UpperLidClosed_AuxSHJnt {
			FrameTransformMatrix {
				-0.939354,0.030415,0.341597,0.000000,-0.118185,0.906336,-0.405693,0.000000,-0.321941,-0.421462,-0.847776,0.000000,-0.743971,0.467447,-1.779736,1.000000;;
			}
		}
		Frame Ramen_l_LowerLidOpen_AuxSHJnt {
			FrameTransformMatrix {
				-0.939354,-0.030415,-0.341597,0.000000,0.118185,0.906336,-0.405693,0.000000,0.321941,-0.421462,-0.847776,0.000000,0.743971,0.467447,-1.779736,1.000000;;
			}
		}
		Frame Ramen_r_LowerLidOpen_AuxSHJnt {
			FrameTransformMatrix {
				-0.939354,0.030415,0.341597,0.000000,-0.118185,0.906336,-0.405693,0.000000,-0.321941,-0.421462,-0.847776,0.000000,-0.743971,0.467447,-1.779736,1.000000;;
			}
		}
		Frame Ramen_l_LowerLidClosed_AuxSHJnt {
			FrameTransformMatrix {
				-0.939354,-0.030415,-0.341597,0.000000,0.118185,0.906336,-0.405693,0.000000,0.321941,-0.421462,-0.847776,0.000000,0.743971,0.467447,-1.779736,1.000000;;
			}
		}
		Frame Ramen_r_LowerLidClosed_AuxSHJnt {
			FrameTransformMatrix {
				-0.939354,0.030415,0.341597,0.000000,-0.118185,0.906336,-0.405693,0.000000,-0.321941,-0.421462,-0.847776,0.000000,-0.743971,0.467447,-1.779736,1.000000;;
			}
		}
	}
	Frame Ramen_Noodle_01_01SHJnt {
		FrameTransformMatrix {
			-0.000000,1.000000,-0.000000,0.000000,0.000000,0.000000,1.000000,0.000000,1.000000,0.000000,0.000000,0.000000,0.000000,0.520625,-2.345540,1.000000;;
		}
		Frame Ramen_Noodle_01_02SHJnt {
			FrameTransformMatrix {
				1.000000,0.000000,-0.000000,0.000000,0.000000,1.000000,-0.000000,0.000000,-0.000000,-0.000000,1.000000,0.000000,0.233334,0.000000,0.000000,1.000000;;
			}
			Frame Ramen_Noodle_01_03SHJnt {
				FrameTransformMatrix {
					1.000000,0.000000,-0.000000,0.000000,0.000000,1.000000,-0.000000,0.000000,-0.000000,-0.000000,1.000000,0.000000,0.233333,0.000000,0.000000,1.000000;;
				}
				Frame Ramen_Noodle_01_04SHJnt {
					FrameTransformMatrix {
						1.000000,0.000000,-0.000000,0.000000,0.000000,1.000000,-0.000000,0.000000,-0.000000,-0.000000,1.000000,0.000000,0.233334,0.000000,0.000000,1.000000;;
					}
					Frame Ramen_Noodle_01_05SHJnt {
						FrameTransformMatrix {
							1.000000,0.000000,-0.000000,0.000000,0.000000,1.000000,-0.000000,0.000000,-0.000000,-0.000000,1.000000,0.000000,0.233333,0.000000,0.000000,1.000000;;
						}
						Frame Ramen_Noodle_01_06SHJnt {
							FrameTransformMatrix {
								1.000000,0.000000,-0.000000,0.000000,0.000000,1.000000,-0.000000,0.000000,-0.000000,-0.000000,1.000000,0.000000,0.233334,0.000000,0.000000,1.000000;;
							}
							Frame Ramen_Noodle_01_07SHJnt {
								FrameTransformMatrix {
									1.000000,0.000000,-0.000000,0.000000,0.000000,1.000000,-0.000000,0.000000,-0.000000,-0.000000,1.000000,0.000000,0.233333,0.000000,0.000000,1.000000;;
								}
								Frame Ramen_Noodle_01_08SHJnt {
									FrameTransformMatrix {
										1.000000,0.000000,-0.000000,0.000000,0.000000,1.000000,-0.000000,0.000000,-0.000000,-0.000000,1.000000,0.000000,0.466667,0.000000,0.000000,1.000000;;
									}
									Frame Ramen_Noodle_01_09SHJnt {
										FrameTransformMatrix {
											1.000000,0.000000,-0.000000,0.000000,0.000000,1.000000,-0.000000,0.000000,-0.000000,-0.000000,1.000000,0.000000,0.466667,0.000000,0.000000,1.000000;;
										}
										Frame Ramen_Noodle_01_10SHJnt {
											FrameTransformMatrix {
												1.000000,0.000000,-0.000000,0.000000,0.000000,1.000000,-0.000000,0.000000,-0.000000,-0.000000,1.000000,0.000000,0.466667,0.000000,0.000000,1.000000;;
											}
										}
									}
								}
							}
						}
					}
				}
			}
		}
	}
	Frame Ramen_l_FrontLeg_HipSHJnt {
		FrameTransformMatrix {
			0.049923,0.997505,-0.049923,0.000000,0.707107,-0.000000,0.707107,0.000000,0.705342,-0.070602,-0.705342,0.000000,1.354008,-0.216790,-1.355008,1.000000;;
		}
		Frame Ramen_l_FrontLeg_KneeSHJnt {
			FrameTransformMatrix {
				-0.994722,0.000000,0.102606,0.000000,-0.000000,-1.000000,-0.000000,0.000000,0.102606,-0.000000,0.994722,0.000000,1.977190,0.000000,0.000000,1.000000;;
			}
			Frame Ramen_l_FrontLegLength_AuxSHJnt {
				FrameTransformMatrix {
					0.000000,-1.000000,0.000000,0.000000,-0.999484,-0.000000,0.032128,0.000000,-0.032128,-0.000000,-0.999484,0.000000,4.339847,0.000000,-0.001830,1.000000;;
				}
			}
		}
		Frame Ramen_l_FrontLegHipLength_AuxSHJnt {
			FrameTransformMatrix {
				0.000000,1.000000,0.000000,0.000000,0.997505,-0.000000,-0.070602,0.000000,-0.070602,0.000000,-0.997505,0.000000,-2.359508,0.000000,0.167003,1.000000;;
			}
		}
	}
	Frame Ramen_r_FrontLeg_HipSHJnt {
		FrameTransformMatrix {
			-0.049923,0.997505,-0.049923,0.000000,0.707107,0.000000,-0.707107,0.000000,-0.705342,-0.070602,-0.705342,0.000000,-1.354008,-0.216790,-1.355008,1.000000;;
		}
		Frame Ramen_r_FrontLeg_KneeSHJnt {
			FrameTransformMatrix {
				-0.994722,-0.000000,0.102606,0.000000,0.000000,-1.000000,-0.000000,0.000000,0.102606,0.000000,0.994722,0.000000,1.977190,-0.000000,0.000000,1.000000;;
			}
			Frame Ramen_r_FrontLegLength_AuxSHJnt {
				FrameTransformMatrix {
					0.000000,1.000000,0.000001,0.000000,-0.999479,0.000000,0.032283,0.000000,0.032283,-0.000001,0.999479,0.000000,4.339847,-0.000000,-0.001830,1.000000;;
				}
			}
		}
		Frame Ramen_r_FrontLegHipLength_AuxSHJnt {
			FrameTransformMatrix {
				-0.000000,1.000000,-0.000000,0.000000,0.997505,0.000000,-0.070602,0.000000,-0.070602,-0.000000,-0.997505,0.000000,-2.359508,-0.000000,0.167003,1.000000;;
			}
		}
	}
	Frame Ramen_l_MiddleLeg_HipSHJnt {
		FrameTransformMatrix {
			0.070602,0.997505,0.000000,0.000000,-0.000000,0.000000,1.000000,0.000000,0.997505,-0.070602,0.000000,0.000000,1.921262,-0.216790,-0.000000,1.000000;;
		}
		Frame Ramen_l_MiddleLeg_KneeSHJnt {
			FrameTransformMatrix {
				-0.994722,0.000000,0.102606,0.000000,-0.000000,-1.000000,-0.000000,0.000000,0.102606,-0.000000,0.994722,0.000000,1.977190,-0.000000,-0.000000,1.000000;;
			}
			Frame Ramen_l_MiddleLegLength_AuxSHJnt {
				FrameTransformMatrix {
					0.000000,-1.000000,0.000000,0.000000,-0.999484,-0.000000,0.032128,0.000000,-0.032128,-0.000000,-0.999484,0.000000,4.339847,0.000000,-0.001830,1.000000;;
				}
			}
		}
		Frame Ramen_l_MiddleLegHipLength_AuxSHJnt {
			FrameTransformMatrix {
				0.000000,1.000000,0.000000,0.000000,0.997505,0.000000,-0.070602,0.000000,-0.070602,0.000000,-0.997505,0.000000,-2.359508,-0.000000,0.167003,1.000000;;
			}
		}
	}
	Frame Ramen_r_MiddleLeg_HipSHJnt {
		FrameTransformMatrix {
			-0.070602,0.997505,0.000000,0.000000,-0.000000,-0.000000,-1.000000,0.000000,-0.997505,-0.070602,0.000000,0.000000,-1.921262,-0.216790,-0.000000,1.000000;;
		}
		Frame Ramen_r_MiddleLeg_KneeSHJnt {
			FrameTransformMatrix {
				-0.994722,-0.000000,0.102606,0.000000,0.000000,-1.000000,-0.000000,0.000000,0.102606,0.000000,0.994722,0.000000,1.977190,0.000000,0.000000,1.000000;;
			}
			Frame Ramen_r_MiddleLegLength_AuxSHJnt {
				FrameTransformMatrix {
					-0.000000,-1.000000,-0.000000,0.000000,-0.999484,0.000000,0.032128,0.000000,-0.032128,0.000000,-0.999484,0.000000,4.339847,-0.000000,-0.001830,1.000000;;
				}
			}
		}
		Frame Ramen_r_MiddleLegHipLength_AuxSHJnt {
			FrameTransformMatrix {
				-0.000000,1.000000,-0.000000,0.000000,0.997505,-0.000000,-0.070602,0.000000,-0.070602,-0.000000,-0.997505,0.000000,-2.359508,0.000000,0.167003,1.000000;;
			}
		}
	}
	Frame Ramen_l_BackLeg_HipSHJnt {
		FrameTransformMatrix {
			0.049923,0.997505,0.049923,0.000000,-0.707107,0.000000,0.707107,0.000000,0.705342,-0.070602,0.705342,0.000000,1.353632,-0.216790,1.355136,1.000000;;
		}
		Frame Ramen_l_BackLeg_KneeSHJnt {
			FrameTransformMatrix {
				-0.994722,0.000000,0.102606,0.000000,-0.000000,-1.000000,-0.000000,0.000000,0.102606,-0.000000,0.994722,0.000000,1.977190,-0.000000,0.000000,1.000000;;
			}
			Frame Ramen_l_BackLegLength_AuxSHJnt {
				FrameTransformMatrix {
					0.000000,-1.000000,0.000000,0.000000,-0.999484,-0.000000,0.032128,0.000000,-0.032128,-0.000000,-0.999484,0.000000,4.339847,0.000000,-0.001830,1.000000;;
				}
			}
		}
		Frame Ramen_l_BackLegHipLength_AuxSHJnt {
			FrameTransformMatrix {
				0.000000,1.000000,0.000000,0.000000,0.997505,0.000000,-0.070602,0.000000,-0.070602,0.000000,-0.997505,0.000000,-2.359508,-0.000000,0.167003,1.000000;;
			}
		}
	}
	Frame Ramen_r_BackLeg_HipSHJnt {
		FrameTransformMatrix {
			-0.049923,0.997505,0.049923,0.000000,-0.707107,-0.000000,-0.707107,0.000000,-0.705342,-0.070602,0.705342,0.000000,-1.353632,-0.216790,1.355136,1.000000;;
		}
		Frame Ramen_r_BackLeg_KneeSHJnt {
			FrameTransformMatrix {
				-0.994722,-0.000000,0.102606,0.000000,0.000000,-1.000000,-0.000000,0.000000,0.102606,0.000000,0.994722,0.000000,1.977190,0.000000,0.000000,1.000000;;
			}
			Frame Ramen_r_BackLegLength_AuxSHJnt {
				FrameTransformMatrix {
					-0.000000,-1.000000,-0.000000,0.000000,-0.999484,0.000000,0.032128,0.000000,-0.032128,0.000000,-0.999484,0.000000,4.339847,-0.000000,-0.001830,1.000000;;
				}
			}
		}
		Frame Ramen_r_BackLegHipLength_AuxSHJnt {
			FrameTransformMatrix {
				-0.000000,1.000000,-0.000000,0.000000,0.997505,-0.000000,-0.070602,0.000000,-0.070602,-0.000000,-0.997505,0.000000,-2.359508,0.000000,0.167003,1.000000;;
			}
		}
	}
	Frame Ramen_HoldAuxSHJnt {
		FrameTransformMatrix {
			1.000000,0.000000,-0.000000,0.000000,0.000000,1.000000,-0.000000,0.000000,-0.000000,-0.000000,1.000000,0.000000,0.000000,-2.525525,-0.000000,1.000000;;
		}
	}
}
Frame polySurface2 {
	FrameTransformMatrix {
		1.000000,0.000000,-0.000000,0.000000,0.000000,1.000000,-0.000000,0.000000,-0.000000,-0.000000,1.000000,0.000000,0.000000,0.000000,-0.000000,1.000000;;
	}
	Mesh polySurface2Shape {
		6984;
		 2.410410;  2.525525;  0.783190;,
		 2.050417;  2.525525;  1.489715;,
		-0.000000;  2.525525;  0.000000;,
		 2.050417;  2.525525;  1.489715;,
		 1.489715;  2.525525;  2.050417;,
		-0.000000;  2.525525;  0.000000;,
		 1.489715;  2.525525;  2.050417;,
		 0.783190;  2.525525;  2.410410;,
		-0.000000;  2.525525;  0.000000;,
		 0.783190;  2.525525;  2.410410;,
		-0.000000;  2.525525;  2.534455;,
		-0.000000;  2.525525;  0.000000;,
		-0.000000;  2.525525;  2.534455;,
		-0.783190;  2.525525;  2.410409;,
		-0.000000;  2.525525;  0.000000;,
		-0.783190;  2.525525;  2.410409;,
		-1.489715;  2.525525;  2.050416;,
		-0.000000;  2.525525;  0.000000;,
		-1.489715;  2.525525;  2.050416;,
		-2.050416;  2.525525;  1.489715;,
		-0.000000;  2.525525;  0.000000;,
		-2.050416;  2.525525;  1.489715;,
		-2.410409;  2.525525;  0.783189;,
		-0.000000;  2.525525;  0.000000;,
		-2.410409;  2.525525;  0.783189;,
		-2.534454;  2.525525;  0.000000;,
		-0.000000;  2.525525;  0.000000;,
		-2.534454;  2.525525;  0.000000;,
		-2.410409;  2.525525; -0.783189;,
		-0.000000;  2.525525;  0.000000;,
		-2.410409;  2.525525; -0.783189;,
		-2.050416;  2.525525; -1.489715;,
		-0.000000;  2.525525;  0.000000;,
		-2.050416;  2.525525; -1.489715;,
		-1.489715;  2.525525; -2.050416;,
		-0.000000;  2.525525;  0.000000;,
		-1.489715;  2.525525; -2.050416;,
		-0.783189;  2.525525; -2.410409;,
		-0.000000;  2.525525;  0.000000;,
		-0.783189;  2.525525; -2.410409;,
		-0.000000;  2.525525; -2.534454;,
		-0.000000;  2.525525;  0.000000;,
		-0.000000;  2.525525; -2.534454;,
		 0.783189;  2.525525; -2.410408;,
		-0.000000;  2.525525;  0.000000;,
		 0.783189;  2.525525; -2.410408;,
		 1.489714;  2.525525; -2.050416;,
		-0.000000;  2.525525;  0.000000;,
		 1.489714;  2.525525; -2.050416;,
		 2.050416;  2.525525; -1.489714;,
		-0.000000;  2.525525;  0.000000;,
		 2.050416;  2.525525; -1.489714;,
		 2.410408;  2.525525; -0.783189;,
		-0.000000;  2.525525;  0.000000;,
		 2.410408;  2.525525; -0.783189;,
		 2.534453;  2.525525;  0.000000;,
		-0.000000;  2.525525;  0.000000;,
		 2.534453;  2.525525;  0.000000;,
		 2.410410;  2.525525;  0.783190;,
		-0.000000;  2.525525;  0.000000;,
		 0.040000;  3.046149; -2.276258;,
		-0.040000;  3.046149; -2.276258;,
		-0.040000;  3.279483; -2.276258;,
		 0.040000;  3.279483; -2.276258;,
		-0.040000;  3.046149; -2.276258;,
		-0.080000;  3.046149; -2.345540;,
		-0.080000;  3.279483; -2.345540;,
		-0.040000;  3.279483; -2.276258;,
		-0.080000;  3.046149; -2.345540;,
		-0.040000;  3.046149; -2.414822;,
		-0.040000;  3.279483; -2.414822;,
		-0.080000;  3.279483; -2.345540;,
		-0.040000;  3.046149; -2.414822;,
		 0.040000;  3.046149; -2.414822;,
		 0.040000;  3.279483; -2.414822;,
		-0.040000;  3.279483; -2.414822;,
		 0.040000;  3.046149; -2.414822;,
		 0.080000;  3.046149; -2.345540;,
		 0.080000;  3.279483; -2.345540;,
		 0.040000;  3.279483; -2.414822;,
		 0.080000;  3.046149; -2.345540;,
		 0.040000;  3.046149; -2.276258;,
		 0.040000;  3.279483; -2.276258;,
		 0.080000;  3.279483; -2.345540;,
		 0.040000;  3.279483; -2.276258;,
		-0.040000;  3.279483; -2.276258;,
		-0.040000;  3.512816; -2.276258;,
		 0.040000;  3.512816; -2.276258;,
		-0.040000;  3.279483; -2.276258;,
		-0.080000;  3.279483; -2.345540;,
		-0.080000;  3.512816; -2.345540;,
		-0.040000;  3.512816; -2.276258;,
		-0.080000;  3.279483; -2.345540;,
		-0.040000;  3.279483; -2.414822;,
		-0.040000;  3.512816; -2.414822;,
		-0.080000;  3.512816; -2.345540;,
		-0.040000;  3.279483; -2.414822;,
		 0.040000;  3.279483; -2.414822;,
		 0.040000;  3.512816; -2.414822;,
		-0.040000;  3.512816; -2.414822;,
		 0.040000;  3.279483; -2.414822;,
		 0.080000;  3.279483; -2.345540;,
		 0.080000;  3.512816; -2.345540;,
		 0.040000;  3.512816; -2.414822;,
		 0.080000;  3.279483; -2.345540;,
		 0.040000;  3.279483; -2.276258;,
		 0.040000;  3.512816; -2.276258;,
		 0.080000;  3.512816; -2.345540;,
		 0.040000;  3.512816; -2.276258;,
		-0.040000;  3.512816; -2.276258;,
		-0.040000;  3.746150; -2.276258;,
		 0.040000;  3.746150; -2.276258;,
		-0.040000;  3.512816; -2.276258;,
		-0.080000;  3.512816; -2.345540;,
		-0.080000;  3.746150; -2.345540;,
		-0.040000;  3.746150; -2.276258;,
		-0.080000;  3.512816; -2.345540;,
		-0.040000;  3.512816; -2.414822;,
		-0.040000;  3.746150; -2.414822;,
		-0.080000;  3.746150; -2.345540;,
		-0.040000;  3.512816; -2.414822;,
		 0.040000;  3.512816; -2.414822;,
		 0.040000;  3.746150; -2.414822;,
		-0.040000;  3.746150; -2.414822;,
		 0.040000;  3.512816; -2.414822;,
		 0.080000;  3.512816; -2.345540;,
		 0.080000;  3.746150; -2.345540;,
		 0.040000;  3.746150; -2.414822;,
		 0.080000;  3.512816; -2.345540;,
		 0.040000;  3.512816; -2.276258;,
		 0.040000;  3.746150; -2.276258;,
		 0.080000;  3.746150; -2.345540;,
		 0.040000;  3.746150; -2.276258;,
		-0.040000;  3.746150; -2.276258;,
		-0.040000;  3.979483; -2.276258;,
		 0.040000;  3.979483; -2.276258;,
		-0.040000;  3.746150; -2.276258;,
		-0.080000;  3.746150; -2.345540;,
		-0.080000;  3.979483; -2.345540;,
		-0.040000;  3.979483; -2.276258;,
		-0.080000;  3.746150; -2.345540;,
		-0.040000;  3.746150; -2.414822;,
		-0.040000;  3.979483; -2.414822;,
		-0.080000;  3.979483; -2.345540;,
		-0.040000;  3.746150; -2.414822;,
		 0.040000;  3.746150; -2.414822;,
		 0.040000;  3.979483; -2.414822;,
		-0.040000;  3.979483; -2.414822;,
		 0.040000;  3.746150; -2.414822;,
		 0.080000;  3.746150; -2.345540;,
		 0.080000;  3.979483; -2.345540;,
		 0.040000;  3.979483; -2.414822;,
		 0.080000;  3.746150; -2.345540;,
		 0.040000;  3.746150; -2.276258;,
		 0.040000;  3.979483; -2.276258;,
		 0.080000;  3.979483; -2.345540;,
		 0.040000;  3.979483; -2.276258;,
		-0.040000;  3.979483; -2.276258;,
		-0.040000;  4.212816; -2.276258;,
		 0.040000;  4.212816; -2.276258;,
		-0.040000;  3.979483; -2.276258;,
		-0.080000;  3.979483; -2.345540;,
		-0.080000;  4.212816; -2.345540;,
		-0.040000;  4.212816; -2.276258;,
		-0.080000;  3.979483; -2.345540;,
		-0.040000;  3.979483; -2.414822;,
		-0.040000;  4.212816; -2.414822;,
		-0.080000;  4.212816; -2.345540;,
		-0.040000;  3.979483; -2.414822;,
		 0.040000;  3.979483; -2.414822;,
		 0.040000;  4.212816; -2.414822;,
		-0.040000;  4.212816; -2.414822;,
		 0.040000;  3.979483; -2.414822;,
		 0.080000;  3.979483; -2.345540;,
		 0.080000;  4.212816; -2.345540;,
		 0.040000;  4.212816; -2.414822;,
		 0.080000;  3.979483; -2.345540;,
		 0.040000;  3.979483; -2.276258;,
		 0.040000;  4.212816; -2.276258;,
		 0.080000;  4.212816; -2.345540;,
		 0.040000;  4.212816; -2.276258;,
		-0.040000;  4.212816; -2.276258;,
		-0.040000;  4.446149; -2.276258;,
		 0.040000;  4.446149; -2.276258;,
		-0.040000;  4.212816; -2.276258;,
		-0.080000;  4.212816; -2.345540;,
		-0.080000;  4.446149; -2.345540;,
		-0.040000;  4.446149; -2.276258;,
		-0.080000;  4.212816; -2.345540;,
		-0.040000;  4.212816; -2.414822;,
		-0.040000;  4.446149; -2.414822;,
		-0.080000;  4.446149; -2.345540;,
		-0.040000;  4.212816; -2.414822;,
		 0.040000;  4.212816; -2.414822;,
		 0.040000;  4.446149; -2.414822;,
		-0.040000;  4.446149; -2.414822;,
		 0.040000;  4.212816; -2.414822;,
		 0.080000;  4.212816; -2.345540;,
		 0.080000;  4.446149; -2.345540;,
		 0.040000;  4.446149; -2.414822;,
		 0.080000;  4.212816; -2.345540;,
		 0.040000;  4.212816; -2.276258;,
		 0.040000;  4.446149; -2.276258;,
		 0.080000;  4.446149; -2.345540;,
		 0.040000;  4.446149; -2.276258;,
		-0.040000;  4.446149; -2.276258;,
		-0.040000;  4.679483; -2.276258;,
		 0.040000;  4.679483; -2.276258;,
		-0.040000;  4.446149; -2.276258;,
		-0.080000;  4.446149; -2.345540;,
		-0.080000;  4.679483; -2.345540;,
		-0.040000;  4.679483; -2.276258;,
		-0.080000;  4.446149; -2.345540;,
		-0.040000;  4.446149; -2.414822;,
		-0.040000;  4.679483; -2.414822;,
		-0.080000;  4.679483; -2.345540;,
		-0.040000;  4.446149; -2.414822;,
		 0.040000;  4.446149; -2.414822;,
		 0.040000;  4.679483; -2.414822;,
		-0.040000;  4.679483; -2.414822;,
		 0.040000;  4.446149; -2.414822;,
		 0.080000;  4.446149; -2.345540;,
		 0.080000;  4.679483; -2.345540;,
		 0.040000;  4.679483; -2.414822;,
		 0.080000;  4.446149; -2.345540;,
		 0.040000;  4.446149; -2.276258;,
		 0.040000;  4.679483; -2.276258;,
		 0.080000;  4.679483; -2.345540;,
		 0.040000;  4.679483; -2.276258;,
		-0.040000;  4.679483; -2.276258;,
		-0.040000;  4.912816; -2.276258;,
		 0.040000;  4.912816; -2.276258;,
		-0.040000;  4.679483; -2.276258;,
		-0.080000;  4.679483; -2.345540;,
		-0.080000;  4.912816; -2.345540;,
		-0.040000;  4.912816; -2.276258;,
		-0.080000;  4.679483; -2.345540;,
		-0.040000;  4.679483; -2.414822;,
		-0.040000;  4.912816; -2.414822;,
		-0.080000;  4.912816; -2.345540;,
		-0.040000;  4.679483; -2.414822;,
		 0.040000;  4.679483; -2.414822;,
		 0.040000;  4.912816; -2.414822;,
		-0.040000;  4.912816; -2.414822;,
		 0.040000;  4.679483; -2.414822;,
		 0.080000;  4.679483; -2.345540;,
		 0.080000;  4.912816; -2.345540;,
		 0.040000;  4.912816; -2.414822;,
		 0.080000;  4.679483; -2.345540;,
		 0.040000;  4.679483; -2.276258;,
		 0.040000;  4.912816; -2.276258;,
		 0.080000;  4.912816; -2.345540;,
		 0.040000;  4.912816; -2.276258;,
		-0.040000;  4.912816; -2.276258;,
		-0.040000;  5.146150; -2.276258;,
		 0.040000;  5.146150; -2.276258;,
		-0.040000;  4.912816; -2.276258;,
		-0.080000;  4.912816; -2.345540;,
		-0.080000;  5.146150; -2.345540;,
		-0.040000;  5.146150; -2.276258;,
		-0.080000;  4.912816; -2.345540;,
		-0.040000;  4.912816; -2.414822;,
		-0.040000;  5.146150; -2.414822;,
		-0.080000;  5.146150; -2.345540;,
		-0.040000;  4.912816; -2.414822;,
		 0.040000;  4.912816; -2.414822;,
		 0.040000;  5.146150; -2.414822;,
		-0.040000;  5.146150; -2.414822;,
		 0.040000;  4.912816; -2.414822;,
		 0.080000;  4.912816; -2.345540;,
		 0.080000;  5.146150; -2.345540;,
		 0.040000;  5.146150; -2.414822;,
		 0.080000;  4.912816; -2.345540;,
		 0.040000;  4.912816; -2.276258;,
		 0.040000;  5.146150; -2.276258;,
		 0.080000;  5.146150; -2.345540;,
		 0.040000;  5.146150; -2.276258;,
		-0.040000;  5.146150; -2.276258;,
		-0.040000;  5.379483; -2.276258;,
		 0.040000;  5.379483; -2.276258;,
		-0.040000;  5.146150; -2.276258;,
		-0.080000;  5.146150; -2.345540;,
		-0.080000;  5.379483; -2.345540;,
		-0.040000;  5.379483; -2.276258;,
		-0.080000;  5.146150; -2.345540;,
		-0.040000;  5.146150; -2.414822;,
		-0.040000;  5.379483; -2.414822;,
		-0.080000;  5.379483; -2.345540;,
		-0.040000;  5.146150; -2.414822;,
		 0.040000;  5.146150; -2.414822;,
		 0.040000;  5.379483; -2.414822;,
		-0.040000;  5.379483; -2.414822;,
		 0.040000;  5.146150; -2.414822;,
		 0.080000;  5.146150; -2.345540;,
		 0.080000;  5.379483; -2.345540;,
		 0.040000;  5.379483; -2.414822;,
		 0.080000;  5.146150; -2.345540;,
		 0.040000;  5.146150; -2.276258;,
		 0.040000;  5.379483; -2.276258;,
		 0.080000;  5.379483; -2.345540;,
		 0.040000;  5.379483; -2.276258;,
		-0.040000;  5.379483; -2.276258;,
		-0.040000;  5.612816; -2.276258;,
		 0.040000;  5.612816; -2.276258;,
		-0.040000;  5.379483; -2.276258;,
		-0.080000;  5.379483; -2.345540;,
		-0.080000;  5.612816; -2.345540;,
		-0.040000;  5.612816; -2.276258;,
		-0.080000;  5.379483; -2.345540;,
		-0.040000;  5.379483; -2.414822;,
		-0.040000;  5.612816; -2.414822;,
		-0.080000;  5.612816; -2.345540;,
		-0.040000;  5.379483; -2.414822;,
		 0.040000;  5.379483; -2.414822;,
		 0.040000;  5.612816; -2.414822;,
		-0.040000;  5.612816; -2.414822;,
		 0.040000;  5.379483; -2.414822;,
		 0.080000;  5.379483; -2.345540;,
		 0.080000;  5.612816; -2.345540;,
		 0.040000;  5.612816; -2.414822;,
		 0.080000;  5.379483; -2.345540;,
		 0.040000;  5.379483; -2.276258;,
		 0.040000;  5.612816; -2.276258;,
		 0.080000;  5.612816; -2.345540;,
		 0.040000;  5.612816; -2.276258;,
		-0.040000;  5.612816; -2.276258;,
		-0.040000;  5.846149; -2.276258;,
		 0.040000;  5.846149; -2.276258;,
		-0.040000;  5.612816; -2.276258;,
		-0.080000;  5.612816; -2.345540;,
		-0.080000;  5.846149; -2.345540;,
		-0.040000;  5.846149; -2.276258;,
		-0.080000;  5.612816; -2.345540;,
		-0.040000;  5.612816; -2.414822;,
		-0.040000;  5.846149; -2.414822;,
		-0.080000;  5.846149; -2.345540;,
		-0.040000;  5.612816; -2.414822;,
		 0.040000;  5.612816; -2.414822;,
		 0.040000;  5.846149; -2.414822;,
		-0.040000;  5.846149; -2.414822;,
		 0.040000;  5.612816; -2.414822;,
		 0.080000;  5.612816; -2.345540;,
		 0.080000;  5.846149; -2.345540;,
		 0.040000;  5.846149; -2.414822;,
		 0.080000;  5.612816; -2.345540;,
		 0.040000;  5.612816; -2.276258;,
		 0.040000;  5.846149; -2.276258;,
		 0.080000;  5.846149; -2.345540;,
		-0.040000;  3.046149; -2.276258;,
		 0.040000;  3.046149; -2.276258;,
		 0.000000;  3.046149; -2.345540;,
		-0.080000;  3.046149; -2.345540;,
		-0.040000;  3.046149; -2.276258;,
		 0.000000;  3.046149; -2.345540;,
		-0.040000;  3.046149; -2.414822;,
		-0.080000;  3.046149; -2.345540;,
		 0.000000;  3.046149; -2.345540;,
		 0.040000;  3.046149; -2.414822;,
		-0.040000;  3.046149; -2.414822;,
		 0.000000;  3.046149; -2.345540;,
		 0.080000;  3.046149; -2.345540;,
		 0.040000;  3.046149; -2.414822;,
		 0.000000;  3.046149; -2.345540;,
		 0.040000;  3.046149; -2.276258;,
		 0.080000;  3.046149; -2.345540;,
		 0.000000;  3.046149; -2.345540;,
		 0.040000;  5.846149; -2.276258;,
		-0.040000;  5.846149; -2.276258;,
		 0.000000;  5.846149; -2.345540;,
		-0.040000;  5.846149; -2.276258;,
		-0.080000;  5.846149; -2.345540;,
		 0.000000;  5.846149; -2.345540;,
		-0.080000;  5.846149; -2.345540;,
		-0.040000;  5.846149; -2.414822;,
		 0.000000;  5.846149; -2.345540;,
		-0.040000;  5.846149; -2.414822;,
		 0.040000;  5.846149; -2.414822;,
		 0.000000;  5.846149; -2.345540;,
		 0.040000;  5.846149; -2.414822;,
		 0.080000;  5.846149; -2.345540;,
		 0.000000;  5.846149; -2.345540;,
		 0.080000;  5.846149; -2.345540;,
		 0.040000;  5.846149; -2.276258;,
		 0.000000;  5.846149; -2.345540;,
		-1.001561;  2.860141;  0.425860;,
		-0.557256;  3.007822;  0.366962;,
		-0.557256;  3.242913;  0.433547;,
		-1.001561;  3.094774;  0.494559;,
		-0.557256;  3.007822;  0.366962;,
		 0.000000;  3.027569;  0.399201;,
		 0.000000;  3.263400;  0.463668;,
		-0.557256;  3.242913;  0.433547;,
		 0.000000;  3.027569;  0.399201;,
		 0.557256;  3.005074;  0.365514;,
		 0.557256;  3.240354;  0.431480;,
		 0.000000;  3.263400;  0.463668;,
		 0.557256;  3.005074;  0.365514;,
		 0.995913;  2.853664;  0.435367;,
		 0.995913;  3.088533;  0.503257;,
		 0.557256;  3.240354;  0.431480;,
		-1.001561;  3.094774;  0.494559;,
		-0.557256;  3.242913;  0.433547;,
		-0.591142;  3.144361;  0.861044;,
		-1.114512;  3.015260;  0.826796;,
		-0.557256;  3.242913;  0.433547;,
		 0.000000;  3.263400;  0.463668;,
		 0.000000;  3.170111;  0.865905;,
		-0.591142;  3.144361;  0.861044;,
		 0.000000;  3.263400;  0.463668;,
		 0.557256;  3.240354;  0.431480;,
		 0.596789;  3.145459;  0.847432;,
		 0.000000;  3.170111;  0.865905;,
		 0.557256;  3.240354;  0.431480;,
		 0.995913;  3.088533;  0.503257;,
		 1.114512;  3.012129;  0.823848;,
		 0.596789;  3.145459;  0.847432;,
		-1.114512;  3.015260;  0.826796;,
		-0.591142;  3.144361;  0.861044;,
		-0.596789;  3.016487;  1.291949;,
		-1.114512;  2.889559;  1.247900;,
		-0.591142;  3.144361;  0.861044;,
		 0.000000;  3.170111;  0.865905;,
		 0.000000;  3.051258;  1.296414;,
		-0.596789;  3.016487;  1.291949;,
		 0.000000;  3.170111;  0.865905;,
		 0.596789;  3.145459;  0.847432;,
		 0.591142;  3.016250;  1.290677;,
		 0.000000;  3.051258;  1.296414;,
		 0.596789;  3.145459;  0.847432;,
		 1.114512;  3.012129;  0.823848;,
		 1.114512;  2.888834;  1.245887;,
		 0.591142;  3.016250;  1.290677;,
		-1.114512;  2.889559;  1.247900;,
		-0.596789;  3.016487;  1.291949;,
		-0.557256;  2.867735;  1.703296;,
		-1.063684;  2.783093;  1.544771;,
		-0.596789;  3.016487;  1.291949;,
		 0.000000;  3.051258;  1.296414;,
		 0.000000;  2.885829;  1.756014;,
		-0.557256;  2.867735;  1.703296;,
		 0.000000;  3.051258;  1.296414;,
		 0.591142;  3.016250;  1.290677;,
		 0.579846;  2.867925;  1.703081;,
		 0.000000;  2.885829;  1.756014;,
		 0.591142;  3.016250;  1.290677;,
		 1.114512;  2.888834;  1.245887;,
		 1.041094;  2.753331;  1.624156;,
		 0.579846;  2.867925;  1.703081;,
		-1.063684;  2.783093;  1.544771;,
		-0.557256;  2.867735;  1.703296;,
		-0.517723;  2.699325;  1.992162;,
		-0.877314;  2.706091;  1.810669;,
		-0.557256;  2.867735;  1.703296;,
		 0.000000;  2.885829;  1.756014;,
		 0.000000;  2.668691;  2.056139;,
		-0.517723;  2.699325;  1.992162;,
		 0.000000;  2.885829;  1.756014;,
		 0.579846;  2.867925;  1.703081;,
		 0.517723;  2.695290;  2.002712;,
		 0.000000;  2.668691;  2.056139;,
		 0.579846;  2.867925;  1.703081;,
		 1.041094;  2.753331;  1.624156;,
		 0.826486;  2.685912;  1.863417;,
		 0.517723;  2.695290;  2.002712;,
		-0.877314;  2.706091;  1.810669;,
		-0.517723;  2.699325;  1.992162;,
		-0.517723;  2.522452;  1.918453;,
		-0.877314;  2.543217;  1.717274;,
		-0.517723;  2.699325;  1.992162;,
		 0.000000;  2.668691;  2.056139;,
		 0.000000;  2.519841;  1.975804;,
		-0.517723;  2.522452;  1.918453;,
		 0.000000;  2.668691;  2.056139;,
		 0.517723;  2.695290;  2.002712;,
		 0.517723;  2.518416;  1.929002;,
		 0.000000;  2.519841;  1.975804;,
		 0.517723;  2.695290;  2.002712;,
		 0.826486;  2.685912;  1.863417;,
		 0.826486;  2.523038;  1.770022;,
		 0.517723;  2.518416;  1.929002;,
		-0.877314;  2.543217;  1.717274;,
		-0.517723;  2.522452;  1.918453;,
		-0.557256;  2.638814;  1.617463;,
		-1.063684;  2.596639;  1.459025;,
		-0.517723;  2.522452;  1.918453;,
		 0.000000;  2.519841;  1.975804;,
		 0.000000;  2.656497;  1.671283;,
		-0.557256;  2.638814;  1.617463;,
		 0.000000;  2.519841;  1.975804;,
		 0.517723;  2.518416;  1.929002;,
		 0.579846;  2.638953;  1.617385;,
		 0.000000;  2.656497;  1.671283;,
		 0.517723;  2.518416;  1.929002;,
		 0.826486;  2.523038;  1.770022;,
		 1.041094;  2.566895;  1.538361;,
		 0.579846;  2.638953;  1.617385;,
		-1.063684;  2.596639;  1.459025;,
		-0.557256;  2.638814;  1.617463;,
		-0.596789;  2.786001;  1.210672;,
		-1.114512;  2.659194;  1.166020;,
		-0.557256;  2.638814;  1.617463;,
		 0.000000;  2.656497;  1.671283;,
		 0.000000;  2.819532;  1.218470;,
		-0.596789;  2.786001;  1.210672;,
		 0.000000;  2.656497;  1.671283;,
		 0.579846;  2.638953;  1.617385;,
		 0.591142;  2.785565;  1.209965;,
		 0.000000;  2.819532;  1.218470;,
		 0.579846;  2.638953;  1.617385;,
		 1.041094;  2.566895;  1.538361;,
		 1.114512;  2.658051;  1.165194;,
		 0.591142;  2.785565;  1.209965;,
		-1.114512;  2.659194;  1.166020;,
		-0.596789;  2.786001;  1.210672;,
		-0.591142;  2.911459;  0.787246;,
		-1.114512;  2.782374;  0.752390;,
		-0.596789;  2.786001;  1.210672;,
		 0.000000;  2.819532;  1.218470;,
		 0.000000;  2.935819;  0.796052;,
		-0.591142;  2.911459;  0.787246;,
		 0.000000;  2.819532;  1.218470;,
		 0.591142;  2.785565;  1.209965;,
		 0.596789;  2.912238;  0.774625;,
		 0.000000;  2.935819;  0.796052;,
		 0.591142;  2.785565;  1.209965;,
		 1.114512;  2.658051;  1.165194;,
		 1.114512;  2.778834;  0.750732;,
		 0.596789;  2.912238;  0.774625;,
		-1.114512;  2.782374;  0.752390;,
		-0.591142;  2.911459;  0.787246;,
		-0.557256;  3.007822;  0.366962;,
		-1.001561;  2.860141;  0.425860;,
		-0.591142;  2.911459;  0.787246;,
		 0.000000;  2.935819;  0.796052;,
		 0.000000;  3.027569;  0.399201;,
		-0.557256;  3.007822;  0.366962;,
		 0.000000;  2.935819;  0.796052;,
		 0.596789;  2.912238;  0.774625;,
		 0.557256;  3.005074;  0.365514;,
		 0.000000;  3.027569;  0.399201;,
		 0.596789;  2.912238;  0.774625;,
		 1.114512;  2.778834;  0.750732;,
		 0.995913;  2.853664;  0.435367;,
		 0.557256;  3.005074;  0.365514;,
		 1.041094;  2.566895;  1.538361;,
		 0.826486;  2.523038;  1.770022;,
		 0.826486;  2.685912;  1.863417;,
		 1.041094;  2.753331;  1.624156;,
		 1.114512;  2.658051;  1.165194;,
		 1.041094;  2.566895;  1.538361;,
		 1.041094;  2.753331;  1.624156;,
		 1.114512;  2.888834;  1.245887;,
		 1.114512;  2.778834;  0.750732;,
		 1.114512;  2.658051;  1.165194;,
		 1.114512;  2.888834;  1.245887;,
		 1.114512;  3.012129;  0.823848;,
		 0.995913;  2.853664;  0.435367;,
		 1.114512;  2.778834;  0.750732;,
		 1.114512;  3.012129;  0.823848;,
		 0.995913;  3.088533;  0.503257;,
		-0.877314;  2.543217;  1.717274;,
		-1.063684;  2.596639;  1.459025;,
		-1.063684;  2.783093;  1.544771;,
		-0.877314;  2.706091;  1.810669;,
		-1.063684;  2.596639;  1.459025;,
		-1.114512;  2.659194;  1.166020;,
		-1.114512;  2.889559;  1.247900;,
		-1.063684;  2.783093;  1.544771;,
		-1.114512;  2.659194;  1.166020;,
		-1.114512;  2.782374;  0.752390;,
		-1.114512;  3.015260;  0.826796;,
		-1.114512;  2.889559;  1.247900;,
		-1.114512;  2.782374;  0.752390;,
		-1.001561;  2.860141;  0.425860;,
		-1.001561;  3.094774;  0.494559;,
		-1.114512;  3.015260;  0.826796;,
		 0.232333;  2.904816; -2.062677;,
		 0.224496;  2.869441; -2.037976;,
		 0.357619;  2.719223; -2.138971;,
		 0.379933;  2.819940; -2.209298;,
		 0.224496;  2.869441; -2.037976;,
		 0.212343;  2.846662; -2.002528;,
		 0.323021;  2.654370; -2.038052;,
		 0.357619;  2.719223; -2.138971;,
		 0.212343;  2.846662; -2.002528;,
		 0.197725;  2.839948; -1.961733;,
		 0.281403;  2.635255; -1.921904;,
		 0.323021;  2.654370; -2.038052;,
		 0.197725;  2.839948; -1.961733;,
		 0.182868;  2.850321; -1.921799;,
		 0.239102;  2.664787; -1.808211;,
		 0.281403;  2.635255; -1.921904;,
		 0.182868;  2.850321; -1.921799;,
		 0.170033;  2.876201; -1.888807;,
		 0.202559;  2.738471; -1.714280;,
		 0.239102;  2.664787; -1.808211;,
		 0.170033;  2.876201; -1.888807;,
		 0.161174;  2.913649; -1.867780;,
		 0.177337;  2.845088; -1.654412;,
		 0.202559;  2.738471; -1.714280;,
		 0.161174;  2.913649; -1.867780;,
		 0.157639;  2.956964; -1.861918;,
		 0.167274;  2.968409; -1.637722;,
		 0.177337;  2.845088; -1.654412;,
		 0.157639;  2.956964; -1.861918;,
		 0.159968;  2.999551; -1.872113;,
		 0.173905;  3.089658; -1.666749;,
		 0.167274;  2.968409; -1.637722;,
		 0.379933;  2.819940; -2.209298;,
		 0.357619;  2.719223; -2.138971;,
		 0.546767;  2.607179; -2.184439;,
		 0.580150;  2.757863; -2.289655;,
		 0.357619;  2.719223; -2.138971;,
		 0.323021;  2.654370; -2.038052;,
		 0.495003;  2.510153; -2.033453;,
		 0.546767;  2.607179; -2.184439;,
		 0.323021;  2.654370; -2.038052;,
		 0.281403;  2.635255; -1.921904;,
		 0.432738;  2.481554; -1.859683;,
		 0.495003;  2.510153; -2.033453;,
		 0.281403;  2.635255; -1.921904;,
		 0.239102;  2.664787; -1.808211;,
		 0.369452;  2.525737; -1.689586;,
		 0.432738;  2.481554; -1.859683;,
		 0.239102;  2.664787; -1.808211;,
		 0.202559;  2.738471; -1.714280;,
		 0.314780;  2.635977; -1.549055;,
		 0.369452;  2.525737; -1.689586;,
		 0.202559;  2.738471; -1.714280;,
		 0.177337;  2.845088; -1.654412;,
		 0.277045;  2.795489; -1.459487;,
		 0.314780;  2.635977; -1.549055;,
		 0.177337;  2.845088; -1.654412;,
		 0.167274;  2.968409; -1.637722;,
		 0.261991;  2.979989; -1.434516;,
		 0.277045;  2.795489; -1.459487;,
		 0.167274;  2.968409; -1.637722;,
		 0.173905;  3.089658; -1.666749;,
		 0.271911;  3.161389; -1.477945;,
		 0.261991;  2.979989; -1.434516;,
		 0.580150;  2.757863; -2.289655;,
		 0.546767;  2.607179; -2.184439;,
		 0.763074;  2.550285; -2.167559;,
		 0.802443;  2.727988; -2.291642;,
		 0.546767;  2.607179; -2.184439;,
		 0.495003;  2.510153; -2.033453;,
		 0.702028;  2.435861; -1.989500;,
		 0.763074;  2.550285; -2.167559;,
		 0.495003;  2.510153; -2.033453;,
		 0.432738;  2.481554; -1.859683;,
		 0.628599;  2.402134; -1.784573;,
		 0.702028;  2.435861; -1.989500;,
		 0.432738;  2.481554; -1.859683;,
		 0.369452;  2.525737; -1.689586;,
		 0.553965;  2.454240; -1.583975;,
		 0.628599;  2.402134; -1.784573;,
		 0.369452;  2.525737; -1.689586;,
		 0.314780;  2.635977; -1.549055;,
		 0.489490;  2.584246; -1.418247;,
		 0.553965;  2.454240; -1.583975;,
		 0.314780;  2.635977; -1.549055;,
		 0.277045;  2.795489; -1.459487;,
		 0.444988;  2.772360; -1.312617;,
		 0.489490;  2.584246; -1.418247;,
		 0.277045;  2.795489; -1.459487;,
		 0.261991;  2.979989; -1.434516;,
		 0.427235;  2.989942; -1.283169;,
		 0.444988;  2.772360; -1.312617;,
		 0.261991;  2.979989; -1.434516;,
		 0.271911;  3.161389; -1.477945;,
		 0.438933;  3.203869; -1.334385;,
		 0.427235;  2.989942; -1.283169;,
		 0.802443;  2.727988; -2.291642;,
		 0.763074;  2.550285; -2.167559;,
		 0.980074;  2.557248; -2.088708;,
		 1.019449;  2.734977; -2.212810;,
		 0.763074;  2.550285; -2.167559;,
		 0.702028;  2.435861; -1.989500;,
		 0.919019;  2.442806; -1.910623;,
		 0.980074;  2.557248; -2.088708;,
		 0.702028;  2.435861; -1.989500;,
		 0.628599;  2.402134; -1.784573;,
		 0.845579;  2.409074; -1.705665;,
		 0.919019;  2.442806; -1.910623;,
		 0.628599;  2.402134; -1.784573;,
		 0.553965;  2.454240; -1.583975;,
		 0.770934;  2.461188; -1.505037;,
		 0.845579;  2.409074; -1.705665;,
		 0.553965;  2.454240; -1.583975;,
		 0.489490;  2.584246; -1.418247;,
		 0.706449;  2.591214; -1.339284;,
		 0.770934;  2.461188; -1.505037;,
		 0.489490;  2.584246; -1.418247;,
		 0.444988;  2.772360; -1.312617;,
		 0.661940;  2.779356; -1.233639;,
		 0.706449;  2.591214; -1.339284;,
		 0.444988;  2.772360; -1.312617;,
		 0.427235;  2.989942; -1.283169;,
		 0.644185;  2.996971; -1.204187;,
		 0.661940;  2.779356; -1.233639;,
		 0.427235;  2.989942; -1.283169;,
		 0.438933;  3.203869; -1.334385;,
		 0.655884;  3.210929; -1.255410;,
		 0.644185;  2.996971; -1.204187;,
		 1.019449;  2.734977; -2.212810;,
		 0.980074;  2.557248; -2.088708;,
		 1.209586;  2.627220; -1.944778;,
		 1.243102;  2.778504; -2.050413;,
		 0.980074;  2.557248; -2.088708;,
		 0.919019;  2.442806; -1.910623;,
		 1.157617;  2.529807; -1.793191;,
		 1.209586;  2.627220; -1.944778;,
		 0.919019;  2.442806; -1.910623;,
		 0.845579;  2.409074; -1.705665;,
		 1.095104;  2.501095; -1.618730;,
		 1.157617;  2.529807; -1.793191;,
		 0.845579;  2.409074; -1.705665;,
		 0.770934;  2.461188; -1.505037;,
		 1.031565;  2.545454; -1.447956;,
		 1.095104;  2.501095; -1.618730;,
		 0.770934;  2.461188; -1.505037;,
		 0.706449;  2.591214; -1.339284;,
		 0.976676;  2.656131; -1.306866;,
		 1.031565;  2.545454; -1.447956;,
		 0.706449;  2.591214; -1.339284;,
		 0.661940;  2.779356; -1.233639;,
		 0.938790;  2.816279; -1.216941;,
		 0.976676;  2.656131; -1.306866;,
		 0.661940;  2.779356; -1.233639;,
		 0.644185;  2.996971; -1.204187;,
		 0.923676;  3.001514; -1.191871;,
		 0.938790;  2.816279; -1.216941;,
		 0.644185;  2.996971; -1.204187;,
		 0.655884;  3.210929; -1.255410;,
		 0.933635;  3.183636; -1.235472;,
		 0.923676;  3.001514; -1.191871;,
		 1.243102;  2.778504; -2.050413;,
		 1.209586;  2.627220; -1.944778;,
		 1.401809;  2.740682; -1.782165;,
		 1.424999;  2.842263; -1.854980;,
		 1.209586;  2.627220; -1.944778;,
		 1.157617;  2.529807; -1.793191;,
		 1.365159;  2.676807; -1.675695;,
		 1.401809;  2.740682; -1.782165;,
		 1.157617;  2.529807; -1.793191;,
		 1.095104;  2.501095; -1.618730;,
		 1.320630;  2.660363; -1.551780;,
		 1.365159;  2.676807; -1.675695;,
		 1.095104;  2.501095; -1.618730;,
		 1.031565;  2.545454; -1.447956;,
		 1.275002;  2.693852; -1.429286;,
		 1.320630;  2.660363; -1.551780;,
		 1.031565;  2.545454; -1.447956;,
		 0.976676;  2.656131; -1.306866;,
		 1.235219;  2.772177; -1.326861;,
		 1.275002;  2.693852; -1.429286;,
		 0.976676;  2.656131; -1.306866;,
		 0.938790;  2.816279; -1.216941;,
		 1.207340;  2.883413; -1.260098;,
		 1.235219;  2.772177; -1.326861;,
		 0.938790;  2.816279; -1.216941;,
		 0.923676;  3.001514; -1.191871;,
		 1.195608;  3.010626; -1.239161;,
		 1.207340;  2.883413; -1.260098;,
		 0.923676;  3.001514; -1.191871;,
		 0.933635;  3.183636; -1.235472;,
		 1.201809;  3.134448; -1.267239;,
		 1.195608;  3.010626; -1.239161;,
		 1.424999;  2.842263; -1.854980;,
		 1.401809;  2.740682; -1.782165;,
		 1.473487;  2.817402; -1.683343;,
		 1.489728;  2.887850; -1.734278;,
		 1.401809;  2.740682; -1.782165;,
		 1.365159;  2.676807; -1.675695;,
		 1.447664;  2.773460; -1.608420;,
		 1.473487;  2.817402; -1.683343;,
		 1.365159;  2.676807; -1.675695;,
		 1.320630;  2.660363; -1.551780;,
		 1.416192;  2.762713; -1.520917;,
		 1.447664;  2.773460; -1.608420;,
		 1.320630;  2.660363; -1.551780;,
		 1.275002;  2.693852; -1.429286;,
		 1.383860;  2.786795; -1.434153;,
		 1.416192;  2.762713; -1.520917;,
		 1.275002;  2.693852; -1.429286;,
		 1.235219;  2.772177; -1.326861;,
		 1.355594;  2.842043; -1.361339;,
		 1.383860;  2.786795; -1.434153;,
		 1.235219;  2.772177; -1.326861;,
