xof 0303txt 0032

AnimTicksPerSecond {
	30;
}
Material blinn2 {
	 1.000000; 1.000000; 1.000000; 1.000000;;
	 128.000000;
	 0.500000; 0.500000; 0.500000;;
	 0.000000; 0.000000; 0.000000;;
	TextureFileName {".\\Cappuccino_D.dds";}
}
Material blinn3 {
	 1.000000; 1.000000; 1.000000; 1.000000;;
	 128.000000;
	 0.500000; 0.500000; 0.500000;;
	 0.000000; 0.000000; 0.000000;;
	TextureFileName {".\\Cappuccino_D.dds";}
}
Frame Coffee_ROOTSHJnt {
	FrameTransformMatrix {
		0.000000,0.000000,-1.000000,0.000000,-0.000000,1.000000,-0.000000,0.000000,1.000000,0.000000,0.000000,0.000000,0.000000,1.475515,-0.548893,1.000000;;
	}
	Frame Coffee_l_FrontLegBase_AuxSHJnt {
		FrameTransformMatrix {
			0.556531,-0.810910,-0.180828,0.000000,-0.771221,-0.585171,0.250585,0.000000,-0.309017,-0.000000,-0.951057,0.000000,-1.514175,-0.833146,0.491985,1.000000;;
		}
		Frame Coffee_l_FrontLeg_01SHJnt {
			FrameTransformMatrix {
				-0.085576,0.996332,-0.000000,0.000000,-0.000000,0.000000,1.000000,0.000000,0.996332,0.085576,0.000000,0.000000,0.026041,0.216264,0.000000,1.000000;;
			}
			Frame Coffee_l_FrontLeg_02SHJnt {
				FrameTransformMatrix {
					0.893046,0.000000,-0.449966,0.000000,-0.000000,1.000000,-0.000000,0.000000,0.449966,0.000000,0.893046,0.000000,0.212847,0.000000,-0.000000,1.000000;;
				}
				Frame Coffee_l_FrontLeg_03SHJnt {
					FrameTransformMatrix {
						0.964808,0.000000,-0.262955,0.000000,-0.000000,1.000000,-0.000000,0.000000,0.262955,0.000000,0.964808,0.000000,0.200823,0.000000,0.018661,1.000000;;
					}
					Frame Coffee_l_FrontLeg_04SHJnt {
						FrameTransformMatrix {
							0.964808,0.000000,-0.262955,0.000000,-0.000000,1.000000,-0.000000,0.000000,0.262955,0.000000,0.964808,0.000000,0.212847,0.000000,0.000000,1.000000;;
						}
						Frame Coffee_l_FrontLeg_05SHJnt {
							FrameTransformMatrix {
								0.964808,0.000000,-0.262955,0.000000,-0.000000,1.000000,-0.000000,0.000000,0.262955,0.000000,0.964808,0.000000,0.212847,0.000000,0.000000,1.000000;;
							}
							Frame Coffee_l_FrontLeg_06SHJnt {
								FrameTransformMatrix {
									0.964808,0.000000,-0.262955,0.000000,-0.000000,1.000000,-0.000000,0.000000,0.262955,0.000000,0.964808,0.000000,0.212847,0.000000,0.000000,1.000000;;
								}
								Frame Coffee_l_FrontLeg_07SHJnt {
									FrameTransformMatrix {
										0.964808,0.000000,-0.262955,0.000000,-0.000000,1.000000,-0.000000,0.000000,0.262955,0.000000,0.964808,0.000000,0.212847,-0.000000,0.000000,1.000000;;
									}
									Frame Coffee_l_FrontLeg_TopSHJnt {
										FrameTransformMatrix {
											0.964808,0.000000,-0.262955,0.000000,-0.000000,1.000000,-0.000000,0.000000,0.262955,0.000000,0.964808,0.000000,0.212847,0.000000,0.000000,1.000000;;
										}
									}
								}
							}
						}
					}
				}
			}
		}
	}
	Frame Coffee_r_FrontLegBase_AuxSHJnt {
		FrameTransformMatrix {
			-0.556531,0.810910,-0.180828,0.000000,0.771221,0.585171,0.250585,0.000000,0.309017,0.000000,-0.951057,0.000000,-1.514175,-0.833146,-0.491985,1.000000;;
		}
		Frame Coffee_r_FrontLeg_01SHJnt {
			FrameTransformMatrix {
				0.085573,-0.996332,-0.000000,0.000000,0.000000,0.000000,-1.000000,0.000000,0.996332,0.085573,0.000000,0.000000,-0.026041,-0.215979,0.000000,1.000000;;
			}
			Frame Coffee_r_FrontLeg_02SHJnt {
				FrameTransformMatrix {
					0.893050,0.000000,0.449958,0.000000,0.000000,1.000000,-0.000000,0.000000,-0.449958,-0.000000,0.893050,0.000000,0.212979,0.000000,0.000000,1.000000;;
				}
				Frame Coffee_r_FrontLeg_03SHJnt {
					FrameTransformMatrix {
						0.964810,0.000000,0.262947,0.000000,0.000000,1.000000,-0.000000,0.000000,-0.262947,-0.000000,0.964810,0.000000,0.200979,0.000000,-0.018661,1.000000;;
					}
					Frame Coffee_r_FrontLeg_04SHJnt {
						FrameTransformMatrix {
							0.964810,0.000000,0.262947,0.000000,0.000000,1.000000,-0.000000,0.000000,-0.262947,-0.000000,0.964810,0.000000,0.212979,0.000000,0.000000,1.000000;;
						}
						Frame Coffee_r_FrontLeg_05SHJnt {
							FrameTransformMatrix {
								0.964810,0.000000,0.262947,0.000000,0.000000,1.000000,-0.000000,0.000000,-0.262947,-0.000000,0.964810,0.000000,0.212979,-0.000000,0.000000,1.000000;;
							}
							Frame Coffee_r_FrontLeg_06SHJnt {
								FrameTransformMatrix {
									0.964810,0.000000,0.262947,0.000000,0.000000,1.000000,-0.000000,0.000000,-0.262947,-0.000000,0.964810,0.000000,0.212979,0.000000,-0.000000,1.000000;;
								}
								Frame Coffee_r_FrontLeg_07SHJnt {
									FrameTransformMatrix {
										0.964810,0.000000,0.262947,0.000000,0.000000,1.000000,-0.000000,0.000000,-0.262947,-0.000000,0.964810,0.000000,0.212979,0.000000,-0.000000,1.000000;;
									}
									Frame Coffee_r_FrontLeg_TopSHJnt {
										FrameTransformMatrix {
											-0.964808,0.000000,-0.262955,0.000000,0.000000,-1.000000,-0.000000,0.000000,-0.262955,-0.000000,0.964808,0.000000,0.212847,-0.000000,0.000000,1.000000;;
										}
									}
								}
							}
						}
					}
				}
			}
		}
	}
	Frame Coffee_l_BackLegBase_AuxSHJnt {
		FrameTransformMatrix {
			-0.134173,-0.989999,0.043595,0.000000,-0.941545,0.141078,0.305926,0.000000,-0.309017,-0.000000,-0.951057,0.000000,-1.898496,0.403136,0.616859,1.000000;;
		}
		Frame Coffee_l_BackLeg_01SHJnt {
			FrameTransformMatrix {
				0.216729,0.976232,-0.000000,0.000000,0.000000,0.000000,1.000000,0.000000,0.976232,-0.216729,0.000000,0.000000,0.000000,0.153534,-0.000000,1.000000;;
			}
			Frame Coffee_l_BackLeg_02SHJnt {
				FrameTransformMatrix {
					0.976232,0.000000,0.216729,0.000000,0.000000,1.000000,-0.000000,0.000000,-0.216729,-0.000000,0.976232,0.000000,0.153534,0.000000,0.000000,1.000000;;
				}
				Frame Coffee_l_BackLeg_03SHJnt {
					FrameTransformMatrix {
						0.976232,0.000000,0.216729,0.000000,0.000000,1.000000,-0.000000,0.000000,-0.216729,-0.000000,0.976232,0.000000,0.153534,-0.000000,0.000000,1.000000;;
					}
					Frame Coffee_l_BackLeg_04SHJnt {
						FrameTransformMatrix {
							0.976232,0.000000,0.216729,0.000000,0.000000,1.000000,-0.000000,0.000000,-0.216729,-0.000000,0.976232,0.000000,0.153534,-0.000000,0.000000,1.000000;;
						}
						Frame Coffee_l_BackLeg_05SHJnt {
							FrameTransformMatrix {
								0.976232,0.000000,0.216729,0.000000,0.000000,1.000000,-0.000000,0.000000,-0.216729,-0.000000,0.976232,0.000000,0.153534,0.000000,-0.000000,1.000000;;
							}
							Frame Coffee_l_BackLeg_06SHJnt {
								FrameTransformMatrix {
									0.976232,0.000000,0.216729,0.000000,0.000000,1.000000,-0.000000,0.000000,-0.216729,-0.000000,0.976232,0.000000,0.153534,0.000000,0.000000,1.000000;;
								}
								Frame Coffee_l_BackLeg_07SHJnt {
									FrameTransformMatrix {
										0.976232,0.000000,0.216729,0.000000,0.000000,1.000000,-0.000000,0.000000,-0.216729,-0.000000,0.976232,0.000000,0.153534,-0.000000,0.000000,1.000000;;
									}
									Frame Coffee_l_BackLeg_TopSHJnt {
										FrameTransformMatrix {
											0.973242,0.000000,0.229781,0.000000,0.000000,1.000000,-0.000000,0.000000,-0.229781,-0.000000,0.973242,0.000000,0.167111,-0.000000,-0.010476,1.000000;;
										}
									}
								}
							}
						}
					}
				}
			}
		}
	}
	Frame Coffee_r_BackLegBase_AuxSHJnt {
		FrameTransformMatrix {
			0.134173,0.989999,0.043595,0.000000,0.941545,-0.141078,0.305926,0.000000,0.309017,0.000000,-0.951057,0.000000,-1.898496,0.403136,-0.616859,1.000000;;
		}
		Frame Coffee_r_BackLeg_01SHJnt {
			FrameTransformMatrix {
				0.216729,0.976232,-0.000000,0.000000,0.000000,0.000000,1.000000,0.000000,0.976232,-0.216729,0.000000,0.000000,0.000000,-0.153534,0.000000,1.000000;;
			}
			Frame Coffee_r_BackLeg_02SHJnt {
				FrameTransformMatrix {
					0.976232,0.000000,0.216729,0.000000,0.000000,1.000000,-0.000000,0.000000,-0.216729,-0.000000,0.976232,0.000000,-0.153534,-0.000000,-0.000000,1.000000;;
				}
				Frame Coffee_r_BackLeg_03SHJnt {
					FrameTransformMatrix {
						0.976232,0.000000,0.216729,0.000000,0.000000,1.000000,-0.000000,0.000000,-0.216729,-0.000000,0.976232,0.000000,-0.153534,0.000000,-0.000000,1.000000;;
					}
					Frame Coffee_r_BackLeg_04SHJnt {
						FrameTransformMatrix {
							0.976232,0.000000,0.216729,0.000000,0.000000,1.000000,-0.000000,0.000000,-0.216729,-0.000000,0.976232,0.000000,-0.153534,0.000000,0.000000,1.000000;;
						}
						Frame Coffee_r_BackLeg_05SHJnt {
							FrameTransformMatrix {
								0.976232,0.000000,0.216729,0.000000,0.000000,1.000000,-0.000000,0.000000,-0.216729,-0.000000,0.976232,0.000000,-0.153534,-0.000000,-0.000000,1.000000;;
							}
							Frame Coffee_r_BackLeg_06SHJnt {
								FrameTransformMatrix {
									0.976232,0.000000,0.216729,0.000000,0.000000,1.000000,-0.000000,0.000000,-0.216729,-0.000000,0.976232,0.000000,-0.153534,0.000000,0.000000,1.000000;;
								}
								Frame Coffee_r_BackLeg_07SHJnt {
									FrameTransformMatrix {
										0.976232,0.000000,0.216729,0.000000,0.000000,1.000000,-0.000000,0.000000,-0.216729,-0.000000,0.976232,0.000000,-0.153534,-0.000000,0.000000,1.000000;;
									}
									Frame Coffee_r_BackLeg_TopSHJnt {
										FrameTransformMatrix {
											0.973242,0.000000,0.229781,0.000000,0.000000,1.000000,-0.000000,0.000000,-0.229781,-0.000000,0.973242,0.000000,-0.167111,0.000000,0.010476,1.000000;;
										}
									}
								}
							}
						}
					}
				}
			}
		}
	}
	Frame Coffee_CoffeeBase_AuxSHJnt {
		FrameTransformMatrix {
			0.000000,0.000000,1.000000,0.000000,0.000000,1.000000,-0.000000,0.000000,-1.000000,-0.000000,0.000000,0.000000,-0.000000,0.636691,-0.000000,1.000000;;
		}
		Frame Coffee_Coffee_01SHJnt {
			FrameTransformMatrix {
				0.000000,1.000000,-0.000000,0.000000,0.000000,0.000000,1.000000,0.000000,1.000000,-0.000000,0.000000,0.000000,-0.000000,0.000000,-0.000000,1.000000;;
			}
		}
		Frame Coffee_Coffee_02SHJnt {
			FrameTransformMatrix {
				0.000000,1.000000,-0.000000,0.000000,0.000000,0.000000,1.000000,0.000000,1.000000,-0.000000,0.000000,0.000000,0.000000,0.000000,-0.000000,1.000000;;
			}
		}
		Frame Coffee_Coffee_03SHJnt {
			FrameTransformMatrix {
				0.000000,1.000000,-0.000000,0.000000,0.000000,0.000000,1.000000,0.000000,1.000000,-0.000000,0.000000,0.000000,-0.000000,0.000000,-0.000000,1.000000;;
			}
		}
		Frame Coffee_Coffee_04SHJnt {
			FrameTransformMatrix {
				0.000000,1.000000,-0.000000,0.000000,0.000000,0.000000,1.000000,0.000000,1.000000,-0.000000,0.000000,0.000000,0.000000,0.000000,-0.000000,1.000000;;
			}
		}
		Frame Coffee_Coffee_05SHJnt {
			FrameTransformMatrix {
				0.000000,1.000000,-0.000000,0.000000,0.000000,0.000000,1.000000,0.000000,1.000000,-0.000000,0.000000,0.000000,-0.000000,0.000000,-0.000000,1.000000;;
			}
		}
		Frame Coffee_Coffee_06SHJnt {
			FrameTransformMatrix {
				0.000000,1.000000,-0.000000,0.000000,0.000000,0.000000,1.000000,0.000000,1.000000,-0.000000,0.000000,0.000000,-0.000000,0.000000,-0.000000,1.000000;;
			}
		}
		Frame Coffee_Coffee_07SHJnt {
			FrameTransformMatrix {
				0.000000,1.000000,-0.000000,0.000000,0.000000,0.000000,1.000000,0.000000,1.000000,-0.000000,0.000000,0.000000,-0.000000,0.000000,-0.000000,1.000000;;
			}
		}
		Frame Coffee_Coffee_08SHJnt {
			FrameTransformMatrix {
				0.000000,1.000000,-0.000000,0.000000,0.000000,0.000000,1.000000,0.000000,1.000000,-0.000000,0.000000,0.000000,-0.000000,0.000000,-0.000000,1.000000;;
			}
		}
		Frame Coffee_Coffee_09SHJnt {
			FrameTransformMatrix {
				0.000000,1.000000,-0.000000,0.000000,0.000000,0.000000,1.000000,0.000000,1.000000,-0.000000,0.000000,0.000000,-0.000000,0.000000,-0.000000,1.000000;;
			}
		}
		Frame Coffee_Coffee_TopSHJnt {
			FrameTransformMatrix {
				0.000000,1.000000,-0.000000,0.000000,0.000000,0.000000,1.000000,0.000000,1.000000,-0.000000,0.000000,0.000000,0.000000,0.000000,-0.000000,1.000000;;
			}
		}
	}
	Frame Coffee_l_Pupil_AuxSHJnt {
		FrameTransformMatrix {
			0.727254,0.685967,0.023446,0.000000,0.315735,-0.364678,0.875969,0.000000,0.609436,-0.629650,-0.481798,0.000000,0.394211,-0.250161,1.883015,1.000000;;
		}
	}
	Frame Coffee_r_Pupil_AuxSHJnt {
		FrameTransformMatrix {
			-0.740066,-0.672405,0.013181,0.000000,-0.315735,0.364678,0.875969,0.000000,-0.593812,0.644113,-0.482188,0.000000,0.398659,-0.246004,-1.883143,1.000000;;
		}
	}
	Frame Coffee_l_LowerLidOpen_AuxSHJnt {
		FrameTransformMatrix {
			0.000672,0.000738,0.000065,0.000000,0.000316,-0.000365,0.000876,0.000000,0.000670,-0.000568,-0.000478,0.000000,0.554001,-0.413486,1.705041,1.000000;;
		}
	}
	Frame Coffee_r_LowerLidOpen_AuxSHJnt {
		FrameTransformMatrix {
			-0.000672,-0.000738,0.000065,0.000000,-0.000316,0.000365,0.000876,0.000000,-0.000670,0.000568,-0.000478,0.000000,0.554001,-0.413486,-1.705041,1.000000;;
		}
	}
	Frame Coffee_l_LowerLidClosed_AuxSHJnt {
		FrameTransformMatrix {
			0.671688,0.737966,0.065122,0.000000,0.315735,-0.364678,0.875969,0.000000,0.670184,-0.567817,-0.477952,0.000000,0.554001,-0.413486,1.705041,1.000000;;
		}
	}
	Frame Coffee_r_LowerLidClosed_AuxSHJnt {
		FrameTransformMatrix {
			-0.671688,-0.737966,0.065122,0.000000,-0.315735,0.364678,0.875969,0.000000,-0.670184,0.567817,-0.477952,0.000000,0.554001,-0.413486,-1.705041,1.000000;;
		}
	}
	Frame Coffee_l_UpperLidClosed_AuxSHJnt {
		FrameTransformMatrix {
			0.671688,0.737966,0.065122,0.000000,0.315735,-0.364678,0.875969,0.000000,0.670184,-0.567817,-0.477952,0.000000,0.554001,-0.413486,1.705041,1.000000;;
		}
	}
	Frame Coffee_r_UpperLidClosed_AuxSHJnt {
		FrameTransformMatrix {
			-0.671688,-0.737966,0.065122,0.000000,-0.315735,0.364678,0.875969,0.000000,-0.670184,0.567817,-0.477952,0.000000,0.554001,-0.413486,-1.705041,1.000000;;
		}
	}
	Frame Coffee_l_UpperLidOpen_AuxSHJnt {
		FrameTransformMatrix {
			0.000672,0.000738,0.000065,0.000000,0.000316,-0.000365,0.000876,0.000000,0.000670,-0.000568,-0.000478,0.000000,0.554001,-0.413486,1.705041,1.000000;;
		}
	}
	Frame Coffee_r_UpperLidOpen_AuxSHJnt {
		FrameTransformMatrix {
			-0.000672,-0.000738,0.000065,0.000000,-0.000316,0.000365,0.000876,0.000000,-0.000670,0.000568,-0.000478,0.000000,0.554001,-0.413486,-1.705041,1.000000;;
		}
	}
}
Frame CoffeeGeo {
	FrameTransformMatrix {
		1.000000,0.000000,-0.000000,0.000000,0.000000,1.000000,-0.000000,0.000000,-0.000000,-0.000000,1.000000,0.000000,0.000000,0.000000,-0.000000,1.000000;;
	}
	Mesh CoffeeGeoShape {
		6004;
		-1.995794;  4.318868; -0.458809;,
		-2.016482;  4.114839; -0.585770;,
		-2.168426;  4.169608; -0.649025;,
		-2.147738;  4.373636; -0.522064;,
		-2.016482;  4.114839; -0.585770;,
		-2.000778;  3.952832; -0.763763;,
		-2.152722;  4.007601; -0.827018;,
		-2.168426;  4.169608; -0.649025;,
		-2.000778;  3.952832; -0.763763;,
		-1.950220;  3.848705; -0.975367;,
		-2.102164;  3.903473; -1.038622;,
		-2.152722;  4.007601; -0.827018;,
		-1.950220;  3.848705; -0.975367;,
		-1.869755;  3.812650; -1.199867;,
		-2.021699;  3.867419; -1.263122;,
		-2.102164;  3.903473; -1.038622;,
		-1.869755;  3.812650; -1.199867;,
		-1.767261;  3.848197; -1.415287;,
		-1.919205;  3.902966; -1.478542;,
		-2.021699;  3.867419; -1.263122;,
		-1.767261;  3.848197; -1.415287;,
		-1.652771;  3.951866; -1.600542;,
		-1.804714;  4.006635; -1.663797;,
		-1.919205;  3.902966; -1.478542;,
		-1.652771;  3.951866; -1.600542;,
		-1.537491;  4.113510; -1.737496;,
		-1.689435;  4.168279; -1.800751;,
		-1.804714;  4.006635; -1.663797;,
		-1.537491;  4.113510; -1.737496;,
		-1.432706;  4.317305; -1.812745;,
		-1.584650;  4.372074; -1.876000;,
		-1.689435;  4.168279; -1.800751;,
		-1.432706;  4.317305; -1.812745;,
		-1.348673;  4.543303; -1.818921;,
		-1.500617;  4.598071; -1.882176;,
		-1.584650;  4.372074; -1.876000;,
		-1.940739;  4.544946; -0.395309;,
		-1.995794;  4.318868; -0.458809;,
		-2.147738;  4.373636; -0.522064;,
		-2.092683;  4.599714; -0.458564;,
		-2.016482;  4.114839; -0.585770;,
		-1.995794;  4.318868; -0.458809;,
		-1.644706;  4.544124; -1.107115;,
		-2.000778;  3.952832; -0.763763;,
		-2.016482;  4.114839; -0.585770;,
		-1.644706;  4.544124; -1.107115;,
		-1.950220;  3.848705; -0.975367;,
		-2.000778;  3.952832; -0.763763;,
		-1.644706;  4.544124; -1.107115;,
		-1.869755;  3.812650; -1.199867;,
		-1.950220;  3.848705; -0.975367;,
		-1.644706;  4.544124; -1.107115;,
		-1.767261;  3.848197; -1.415287;,
		-1.869755;  3.812650; -1.199867;,
		-1.644706;  4.544124; -1.107115;,
		-1.652771;  3.951866; -1.600542;,
		-1.767261;  3.848197; -1.415287;,
		-1.644706;  4.544124; -1.107115;,
		-1.537491;  4.113510; -1.737496;,
		-1.652771;  3.951866; -1.600542;,
		-1.644706;  4.544124; -1.107115;,
		-1.432706;  4.317305; -1.812745;,
		-1.537491;  4.113510; -1.737496;,
		-1.644706;  4.544124; -1.107115;,
		-1.348673;  4.543303; -1.818921;,
		-1.432706;  4.317305; -1.812745;,
		-1.644706;  4.544124; -1.107115;,
		-1.995794;  4.318868; -0.458809;,
		-1.940739;  4.544946; -0.395309;,
		-1.644706;  4.544124; -1.107115;,
		-2.092683;  4.599714; -0.458564;,
		-2.147738;  4.373636; -0.522064;,
		-2.161631;  4.393720; -0.561892;,
		-2.108935;  4.610110; -0.501115;,
		-2.181433;  4.198435; -0.683413;,
		-2.161631;  4.393720; -0.561892;,
		-2.147738;  4.373636; -0.522064;,
		-2.168426;  4.169608; -0.649025;,
		-2.166402;  4.043370; -0.853779;,
		-2.181433;  4.198435; -0.683413;,
		-2.168426;  4.169608; -0.649025;,
		-2.152722;  4.007601; -0.827018;,
		-2.118010;  3.943705; -1.056315;,
		-2.166402;  4.043370; -0.853779;,
		-2.152722;  4.007601; -0.827018;,
		-2.102164;  3.903473; -1.038622;,
		-2.040993;  3.909195; -1.271194;,
		-2.118010;  3.943705; -1.056315;,
		-2.102164;  3.903473; -1.038622;,
		-2.021699;  3.867419; -1.263122;,
		-1.942892;  3.943219; -1.477383;,
		-2.040993;  3.909195; -1.271194;,
		-2.021699;  3.867419; -1.263122;,
		-1.919205;  3.902966; -1.478542;,
		-1.833307;  4.042446; -1.654700;,
		-1.942892;  3.943219; -1.477383;,
		-1.919205;  3.902966; -1.478542;,
		-1.804714;  4.006635; -1.663797;,
		-1.722968;  4.197163; -1.785785;,
		-1.833307;  4.042446; -1.654700;,
		-1.804714;  4.006635; -1.663797;,
		-1.689435;  4.168279; -1.800751;,
		-1.622673;  4.392224; -1.857809;,
		-1.722968;  4.197163; -1.785785;,
		-1.689435;  4.168279; -1.800751;,
		-1.584650;  4.372074; -1.876000;,
		-1.542241;  4.608537; -1.863721;,
		-1.622673;  4.392224; -1.857809;,
		-1.584650;  4.372074; -1.876000;,
		-1.500617;  4.598071; -1.882176;,
		-2.122149;  4.432065; -0.664187;,
		-2.077680;  4.614668; -0.612899;,
		-2.108935;  4.610110; -0.501115;,
		-2.161631;  4.393720; -0.561892;,
		-2.138858;  4.267271; -0.766733;,
		-2.122149;  4.432065; -0.664187;,
		-2.161631;  4.393720; -0.561892;,
		-2.181433;  4.198435; -0.683413;,
		-2.126174;  4.136418; -0.910499;,
		-2.138858;  4.267271; -0.766733;,
		-2.181433;  4.198435; -0.683413;,
		-2.166402;  4.043370; -0.853779;,
		-2.085338;  4.052315; -1.081411;,
		-2.126174;  4.136418; -0.910499;,
		-2.166402;  4.043370; -0.853779;,
		-2.118010;  3.943705; -1.056315;,
		-2.020347;  4.023193; -1.262739;,
		-2.085338;  4.052315; -1.081411;,
		-2.118010;  3.943705; -1.056315;,
		-2.040993;  3.909195; -1.271194;,
		-1.937562;  4.051905; -1.436734;,
		-2.020347;  4.023193; -1.262739;,
		-2.040993;  3.909195; -1.271194;,
		-1.942892;  3.943219; -1.477383;,
		-1.845088;  4.135638; -1.586365;,
		-1.937562;  4.051905; -1.436734;,
		-1.942892;  3.943219; -1.477383;,
		-1.833307;  4.042446; -1.654700;,
		-1.751977;  4.266198; -1.696983;,
		-1.845088;  4.135638; -1.586365;,
		-1.833307;  4.042446; -1.654700;,
		-1.722968;  4.197163; -1.785785;,
		-1.667342;  4.430803; -1.757761;,
		-1.751977;  4.266198; -1.696983;,
		-1.722968;  4.197163; -1.785785;,
		-1.622673;  4.392224; -1.857809;,
		-1.599469;  4.613341; -1.762749;,
		-1.667342;  4.430803; -1.757761;,
		-1.622673;  4.392224; -1.857809;,
		-1.542241;  4.608537; -1.863721;,
		-2.122149;  4.432065; -0.664187;,
		-2.138858;  4.267271; -0.766733;,
		-1.845686;  4.616568; -1.190784;,
		-2.138858;  4.267271; -0.766733;,
		-2.126174;  4.136418; -0.910499;,
		-1.845686;  4.616568; -1.190784;,
		-2.126174;  4.136418; -0.910499;,
		-2.085338;  4.052315; -1.081411;,
		-1.845686;  4.616568; -1.190784;,
		-2.085338;  4.052315; -1.081411;,
		-2.020347;  4.023193; -1.262739;,
		-1.845686;  4.616568; -1.190784;,
		-2.020347;  4.023193; -1.262739;,
		-1.937562;  4.051905; -1.436734;,
		-1.845686;  4.616568; -1.190784;,
		-1.937562;  4.051905; -1.436734;,
		-1.845088;  4.135638; -1.586365;,
		-1.845686;  4.616568; -1.190784;,
		-1.845088;  4.135638; -1.586365;,
		-1.751977;  4.266198; -1.696983;,
		-1.845686;  4.616568; -1.190784;,
		-1.751977;  4.266198; -1.696983;,
		-1.667342;  4.430803; -1.757761;,
		-1.845686;  4.616568; -1.190784;,
		-1.667342;  4.430803; -1.757761;,
		-1.599469;  4.613341; -1.762749;,
		-1.845686;  4.616568; -1.190784;,
		-2.077680;  4.614668; -0.612899;,
		-2.122149;  4.432065; -0.664187;,
		-1.845686;  4.616568; -1.190784;,
		-1.348673;  4.543303; -1.818921;,
		-1.644706;  4.544124; -1.107115;,
		-1.845686;  4.616568; -1.190784;,
		-1.599469;  4.613341; -1.762749;,
		-1.644706;  4.544124; -1.107115;,
		-1.940739;  4.544946; -0.395309;,
		-2.077680;  4.614668; -0.612899;,
		-1.845686;  4.616568; -1.190784;,
		-1.500617;  4.598071; -1.882176;,
		-1.348673;  4.543303; -1.818921;,
		-1.599469;  4.613341; -1.762749;,
		-1.542241;  4.608537; -1.863721;,
		-2.092683;  4.599714; -0.458564;,
		-2.108935;  4.610110; -0.501115;,
		-2.077680;  4.614668; -0.612899;,
		-1.940739;  4.544946; -0.395309;,
		-2.016482;  4.114839; -0.585770;,
		-2.000778;  3.952832; -0.763763;,
		-2.152722;  4.007601; -0.827018;,
		-2.168426;  4.169608; -0.649025;,
		-2.000778;  3.952832; -0.763763;,
		-1.950219;  3.848705; -0.975368;,
		-2.102163;  3.903473; -1.038623;,
		-2.152722;  4.007601; -0.827018;,
		-1.950219;  3.848705; -0.975368;,
		-1.869755;  3.812650; -1.199867;,
		-2.021699;  3.867419; -1.263122;,
		-2.102163;  3.903473; -1.038623;,
		-1.869755;  3.812650; -1.199867;,
		-1.767261;  3.848197; -1.415287;,
		-1.919205;  3.902966; -1.478542;,
		-2.021699;  3.867419; -1.263122;,
		-1.767261;  3.848197; -1.415287;,
		-1.652771;  3.951866; -1.600542;,
		-1.804714;  4.006635; -1.663797;,
		-1.919205;  3.902966; -1.478542;,
		-1.652771;  3.951866; -1.600542;,
		-1.537491;  4.113510; -1.737496;,
		-1.689435;  4.168279; -1.800751;,
		-1.804714;  4.006635; -1.663797;,
		-1.537491;  4.113510; -1.737496;,
		-1.434987;  4.312868; -1.811107;,
		-1.586931;  4.367637; -1.874363;,
		-1.689435;  4.168279; -1.800751;,
		-2.016482;  4.114839; -0.585770;,
		-1.996244;  4.314425; -0.461573;,
		-1.715616;  4.313647; -1.136340;,
		-2.000778;  3.952832; -0.763763;,
		-2.016482;  4.114839; -0.585770;,
		-1.715616;  4.313647; -1.136340;,
		-1.950219;  3.848705; -0.975368;,
		-2.000778;  3.952832; -0.763763;,
		-1.715616;  4.313647; -1.136340;,
		-1.869755;  3.812650; -1.199867;,
		-1.950219;  3.848705; -0.975368;,
		-1.715616;  4.313647; -1.136340;,
		-1.767261;  3.848197; -1.415287;,
		-1.869755;  3.812650; -1.199867;,
		-1.715616;  4.313647; -1.136340;,
		-1.652771;  3.951866; -1.600542;,
		-1.767261;  3.848197; -1.415287;,
		-1.715616;  4.313647; -1.136340;,
		-1.537491;  4.113510; -1.737496;,
		-1.652771;  3.951866; -1.600542;,
		-1.715616;  4.313647; -1.136340;,
		-2.181433;  4.198435; -0.683413;,
		-2.163064;  4.379586; -0.570688;,
		-2.148188;  4.369194; -0.524828;,
		-2.168426;  4.169608; -0.649025;,
		-2.166402;  4.043370; -0.853779;,
		-2.181433;  4.198435; -0.683413;,
		-2.168426;  4.169608; -0.649025;,
		-2.152722;  4.007601; -0.827018;,
		-2.118010;  3.943705; -1.056315;,
		-2.166402;  4.043370; -0.853779;,
		-2.152722;  4.007601; -0.827018;,
		-2.102163;  3.903473; -1.038623;,
		-2.040993;  3.909195; -1.271194;,
		-2.118010;  3.943705; -1.056315;,
		-2.102163;  3.903473; -1.038623;,
		-2.021699;  3.867419; -1.263122;,
		-1.942891;  3.943219; -1.477383;,
		-2.040993;  3.909195; -1.271194;,
		-2.021699;  3.867419; -1.263122;,
		-1.919205;  3.902966; -1.478542;,
		-1.833307;  4.042446; -1.654699;,
		-1.942891;  3.943219; -1.477383;,
		-1.919205;  3.902966; -1.478542;,
		-1.804714;  4.006635; -1.663797;,
		-1.722968;  4.197163; -1.785785;,
		-1.833307;  4.042446; -1.654699;,
		-1.804714;  4.006635; -1.663797;,
		-1.689435;  4.168279; -1.800751;,
		-2.138858;  4.267271; -0.766733;,
		-2.127009;  4.384131; -0.694015;,
		-2.163064;  4.379586; -0.570688;,
		-2.181433;  4.198435; -0.683413;,
		-2.126174;  4.136418; -0.910499;,
		-2.138858;  4.267271; -0.766733;,
		-2.181433;  4.198435; -0.683413;,
		-2.166402;  4.043370; -0.853779;,
		-2.085338;  4.052315; -1.081411;,
		-2.126174;  4.136418; -0.910499;,
		-2.166402;  4.043370; -0.853779;,
		-2.118010;  3.943705; -1.056315;,
		-2.020347;  4.023193; -1.262739;,
		-2.085338;  4.052315; -1.081411;,
		-2.118010;  3.943705; -1.056315;,
		-2.040993;  3.909195; -1.271194;,
		-1.937562;  4.051905; -1.436734;,
		-2.020347;  4.023193; -1.262739;,
		-2.040993;  3.909195; -1.271194;,
		-1.942891;  3.943219; -1.477383;,
		-1.845088;  4.135638; -1.586365;,
		-1.937562;  4.051905; -1.436734;,
		-1.942891;  3.943219; -1.477383;,
		-1.833307;  4.042446; -1.654699;,
		-1.751977;  4.266198; -1.696983;,
		-1.845088;  4.135638; -1.586365;,
		-1.833307;  4.042446; -1.654699;,
		-1.722968;  4.197163; -1.785785;,
		-2.138858;  4.267271; -0.766733;,
		-2.126174;  4.136418; -0.910499;,
		-1.913822;  4.385090; -1.218854;,
		-2.126174;  4.136418; -0.910499;,
		-2.085338;  4.052315; -1.081411;,
		-1.913822;  4.385090; -1.218854;,
		-2.085338;  4.052315; -1.081411;,
		-2.020347;  4.023193; -1.262739;,
		-1.913822;  4.385090; -1.218854;,
		-2.020347;  4.023193; -1.262739;,
		-1.937562;  4.051905; -1.436734;,
		-1.913822;  4.385090; -1.218854;,
		-1.937562;  4.051905; -1.436734;,
		-1.845088;  4.135638; -1.586365;,
		-1.913822;  4.385090; -1.218854;,
		-1.845088;  4.135638; -1.586365;,
		-1.751977;  4.266198; -1.696983;,
		-1.913822;  4.385090; -1.218854;,
		-1.751977;  4.266198; -1.696983;,
		-1.691960;  4.382924; -1.740083;,
		-1.913822;  4.385090; -1.218854;,
		-2.148188;  4.369194; -0.524828;,
		-1.996244;  4.314425; -0.461573;,
		-2.016482;  4.114839; -0.585770;,
		-2.168426;  4.169608; -0.649025;,
		-1.715616;  4.313647; -1.136340;,
		-1.434987;  4.312868; -1.811107;,
		-1.537491;  4.113510; -1.737496;,
		-1.586931;  4.367637; -1.874363;,
		-1.629932;  4.378107; -1.852596;,
		-1.722968;  4.197163; -1.785785;,
		-1.689435;  4.168279; -1.800751;,
		-1.629932;  4.378107; -1.852596;,
		-1.691960;  4.382924; -1.740083;,
		-1.751977;  4.266198; -1.696983;,
		-1.722968;  4.197163; -1.785785;,
		-1.913822;  4.385090; -1.218854;,
		-2.127009;  4.384131; -0.694015;,
		-2.138858;  4.267271; -0.766733;,
		-1.434987;  4.312868; -1.811107;,
		-1.715616;  4.313647; -1.136340;,
		-1.913822;  4.385090; -1.218854;,
		-1.691960;  4.382924; -1.740083;,
		-1.715616;  4.313647; -1.136340;,
		-1.996244;  4.314425; -0.461573;,
		-2.127009;  4.384131; -0.694015;,
		-1.913822;  4.385090; -1.218854;,
		-2.148188;  4.369194; -0.524828;,
		-2.163064;  4.379586; -0.570688;,
		-2.127009;  4.384131; -0.694015;,
		-1.996244;  4.314425; -0.461573;,
		-1.586931;  4.367637; -1.874363;,
		-1.434987;  4.312868; -1.811107;,
		-1.691960;  4.382924; -1.740083;,
		-1.629932;  4.378107; -1.852596;,
		-1.293618;  4.769381; -1.755421;,
		-1.272930;  4.973410; -1.628461;,
		-1.424874;  5.028178; -1.691716;,
		-1.445562;  4.824150; -1.818676;,
		-1.272930;  4.973410; -1.628461;,
		-1.288634;  5.135417; -1.450467;,
		-1.440578;  5.190185; -1.513722;,
		-1.424874;  5.028178; -1.691716;,
		-1.288634;  5.135417; -1.450467;,
		-1.339192;  5.239544; -1.238864;,
		-1.491136;  5.294312; -1.302119;,
		-1.440578;  5.190185; -1.513722;,
		-1.339192;  5.239544; -1.238864;,
		-1.419657;  5.275599; -1.014364;,
		-1.571601;  5.330367; -1.077619;,
		-1.491136;  5.294312; -1.302119;,
		-1.419657;  5.275599; -1.014364;,
		-1.522151;  5.240051; -0.798943;,
		-1.674095;  5.294820; -0.862198;,
		-1.571601;  5.330367; -1.077619;,
		-1.522151;  5.240051; -0.798943;,
		-1.636641;  5.136382; -0.613688;,
		-1.788585;  5.191151; -0.676944;,
		-1.674095;  5.294820; -0.862198;,
		-1.636641;  5.136382; -0.613688;,
		-1.751921;  4.974739; -0.476734;,
		-1.903865;  5.029507; -0.539989;,
		-1.788585;  5.191151; -0.676944;,
		-1.751921;  4.974739; -0.476734;,
		-1.856706;  4.770944; -0.401486;,
		-2.008650;  4.825712; -0.464741;,
		-1.903865;  5.029507; -0.539989;,
		-1.856706;  4.770944; -0.401486;,
		-1.940739;  4.544946; -0.395309;,
		-2.092683;  4.599714; -0.458564;,
		-2.008650;  4.825712; -0.464741;,
		-1.348673;  4.543303; -1.818921;,
		-1.293618;  4.769381; -1.755421;,
		-1.445562;  4.824150; -1.818676;,
		-1.500617;  4.598071; -1.882176;,
		-1.272930;  4.973410; -1.628461;,
		-1.293618;  4.769381; -1.755421;,
		-1.644706;  4.544124; -1.107115;,
		-1.288634;  5.135417; -1.450467;,
		-1.272930;  4.973410; -1.628461;,
		-1.644706;  4.544124; -1.107115;,
		-1.339192;  5.239544; -1.238864;,
		-1.288634;  5.135417; -1.450467;,
		-1.644706;  4.544124; -1.107115;,
		-1.419657;  5.275599; -1.014364;,
		-1.339192;  5.239544; -1.238864;,
		-1.644706;  4.544124; -1.107115;,
		-1.522151;  5.240051; -0.798943;,
		-1.419657;  5.275599; -1.014364;,
		-1.644706;  4.544124; -1.107115;,
		-1.636641;  5.136382; -0.613688;,
		-1.522151;  5.240051; -0.798943;,
		-1.644706;  4.544124; -1.107115;,
		-1.751921;  4.974739; -0.476734;,
		-1.636641;  5.136382; -0.613688;,
		-1.644706;  4.544124; -1.107115;,
		-1.856706;  4.770944; -0.401486;,
		-1.751921;  4.974739; -0.476734;,
		-1.644706;  4.544124; -1.107115;,
		-1.940739;  4.544946; -0.395309;,
		-1.856706;  4.770944; -0.401486;,
		-1.644706;  4.544124; -1.107115;,
		-1.293618;  4.769381; -1.755421;,
		-1.348673;  4.543303; -1.818921;,
		-1.644706;  4.544124; -1.107115;,
		-1.500617;  4.598071; -1.882176;,
		-1.445562;  4.824150; -1.818676;,
		-1.489545;  4.824928; -1.802943;,
		-1.542241;  4.608537; -1.863720;,
		-1.469744;  5.020213; -1.681422;,
		-1.489545;  4.824928; -1.802943;,
		-1.445562;  4.824150; -1.818676;,
		-1.424874;  5.028178; -1.691716;,
		-1.484775;  5.175277; -1.511056;,
		-1.469744;  5.020213; -1.681422;,
		-1.424874;  5.028178; -1.691716;,
		-1.440578;  5.190185; -1.513722;,
		-1.533167;  5.274942; -1.308520;,
		-1.484775;  5.175277; -1.511056;,
		-1.440578;  5.190185; -1.513722;,
		-1.491136;  5.294312; -1.302119;,
		-1.610183;  5.309452; -1.093641;,
		-1.533167;  5.274942; -1.308520;,
		-1.491136;  5.294312; -1.302119;,
		-1.571601;  5.330367; -1.077619;,
		-1.708285;  5.275428; -0.887452;,
		-1.610183;  5.309452; -1.093641;,
		-1.571601;  5.330367; -1.077619;,
		-1.674095;  5.294820; -0.862198;,
		-1.817869;  5.176202; -0.710136;,
		-1.708285;  5.275428; -0.887452;,
		-1.674095;  5.294820; -0.862198;,
		-1.788585;  5.191151; -0.676944;,
		-1.928209;  5.021485; -0.579050;,
		-1.817869;  5.176202; -0.710136;,
		-1.788585;  5.191151; -0.676944;,
		-1.903865;  5.029507; -0.539989;,
		-2.028503;  4.826423; -0.507026;,
		-1.928209;  5.021485; -0.579050;,
		-1.903865;  5.029507; -0.539989;,
		-2.008650;  4.825712; -0.464741;,
		-2.108935;  4.610110; -0.501114;,
		-2.028503;  4.826423; -0.507026;,
		-2.008650;  4.825712; -0.464741;,
		-2.092683;  4.599714; -0.458564;,
		-1.555001;  4.795945; -1.711461;,
		-1.599469;  4.613341; -1.762749;,
		-1.542241;  4.608537; -1.863720;,
		-1.489545;  4.824928; -1.802943;,
		-1.538291;  4.960738; -1.608915;,
		-1.555001;  4.795945; -1.711461;,
		-1.489545;  4.824928; -1.802943;,
		-1.469744;  5.020213; -1.681422;,
		-1.550975;  5.091591; -1.465149;,
		-1.538291;  4.960738; -1.608915;,
		-1.469744;  5.020213; -1.681422;,
		-1.484775;  5.175277; -1.511056;,
		-1.591812;  5.175695; -1.294237;,
		-1.550975;  5.091591; -1.465149;,
		-1.484775;  5.175277; -1.511056;,
		-1.533167;  5.274942; -1.308520;,
		-1.656803;  5.204816; -1.112909;,
		-1.591812;  5.175695; -1.294237;,
		-1.533167;  5.274942; -1.308520;,
		-1.610183;  5.309452; -1.093641;,
		-1.739587;  5.176105; -0.938914;,
		-1.656803;  5.204816; -1.112909;,
		-1.610183;  5.309452; -1.093641;,
		-1.708285;  5.275428; -0.887452;,
		-1.832061;  5.092371; -0.789283;,
		-1.739587;  5.176105; -0.938914;,
		-1.708285;  5.275428; -0.887452;,
		-1.817869;  5.176202; -0.710136;,
		-1.925172;  4.961812; -0.678665;,
		-1.832061;  5.092371; -0.789283;,
		-1.817869;  5.176202; -0.710136;,
		-1.928209;  5.021485; -0.579050;,
		-2.009807;  4.797206; -0.617887;,
		-1.925172;  4.961812; -0.678665;,
		-1.928209;  5.021485; -0.579050;,
		-2.028503;  4.826423; -0.507026;,
		-2.077680;  4.614668; -0.612899;,
		-2.009807;  4.797206; -0.617887;,
		-2.028503;  4.826423; -0.507026;,
		-2.108935;  4.610110; -0.501114;,
		-1.555001;  4.795945; -1.711461;,
		-1.538291;  4.960738; -1.608915;,
		-1.845686;  4.616568; -1.190784;,
		-1.538291;  4.960738; -1.608915;,
		-1.550975;  5.091591; -1.465149;,
		-1.845686;  4.616568; -1.190784;,
		-1.550975;  5.091591; -1.465149;,
		-1.591812;  5.175695; -1.294237;,
		-1.845686;  4.616568; -1.190784;,
		-1.591812;  5.175695; -1.294237;,
		-1.656803;  5.204816; -1.112909;,
		-1.845686;  4.616568; -1.190784;,
		-1.656803;  5.204816; -1.112909;,
		-1.739587;  5.176105; -0.938914;,
		-1.845686;  4.616568; -1.190784;,
		-1.739587;  5.176105; -0.938914;,
		-1.832061;  5.092371; -0.789283;,
		-1.845686;  4.616568; -1.190784;,
		-1.832061;  5.092371; -0.789283;,
		-1.925172;  4.961812; -0.678665;,
		-1.845686;  4.616568; -1.190784;,
		-1.925172;  4.961812; -0.678665;,
		-2.009807;  4.797206; -0.617887;,
		-1.845686;  4.616568; -1.190784;,
		-2.009807;  4.797206; -0.617887;,
		-2.077680;  4.614668; -0.612899;,
		-1.845686;  4.616568; -1.190784;,
		-1.599469;  4.613341; -1.762749;,
		-1.555001;  4.795945; -1.711461;,
		-1.845686;  4.616568; -1.190784;,
		-1.940739;  4.544946; -0.395309;,
		-1.644706;  4.544124; -1.107115;,
		-1.845686;  4.616568; -1.190784;,
		-2.077680;  4.614668; -0.612899;,
		-1.644706;  4.544124; -1.107115;,
		-1.348673;  4.543303; -1.818921;,
		-1.599469;  4.613341; -1.762749;,
		-1.845686;  4.616568; -1.190784;,
		-2.092683;  4.599714; -0.458564;,
		-1.940739;  4.544946; -0.395309;,
		-2.077680;  4.614668; -0.612899;,
		-2.108935;  4.610110; -0.501114;,
		-1.500617;  4.598071; -1.882176;,
		-1.542241;  4.608537; -1.863720;,
		-1.599469;  4.613341; -1.762749;,
		-1.348673;  4.543303; -1.818921;,
		-1.272930;  4.973410; -1.628461;,
		-1.288634;  5.135417; -1.450467;,
		-1.440578;  5.190185; -1.513722;,
		-1.424874;  5.028178; -1.691716;,
		-1.288634;  5.135417; -1.450467;,
		-1.339193;  5.239544; -1.238862;,
		-1.491137;  5.294312; -1.302117;,
		-1.440578;  5.190185; -1.513722;,
		-1.339193;  5.239544; -1.238862;,
		-1.419657;  5.275599; -1.014364;,
		-1.571601;  5.330367; -1.077619;,
		-1.491137;  5.294312; -1.302117;,
		-1.419657;  5.275599; -1.014364;,
		-1.522151;  5.240052; -0.798943;,
		-1.674095;  5.294820; -0.862198;,
		-1.571601;  5.330367; -1.077619;,
		-1.522151;  5.240052; -0.798943;,
		-1.636642;  5.136382; -0.613688;,
		-1.788585;  5.191151; -0.676944;,
		-1.674095;  5.294820; -0.862198;,
		-1.636642;  5.136382; -0.613688;,
		-1.751921;  4.974739; -0.476734;,
		-1.903865;  5.029507; -0.539989;,
		-1.788585;  5.191151; -0.676944;,
		-1.751921;  4.974739; -0.476734;,
		-1.854425;  4.775381; -0.403123;,
		-2.006369;  4.830149; -0.466378;,
		-1.903865;  5.029507; -0.539989;,
		-1.272930;  4.973410; -1.628461;,
		-1.293167;  4.773823; -1.752657;,
		-1.573796;  4.774602; -1.077891;,
		-1.288634;  5.135417; -1.450467;,
		-1.272930;  4.973410; -1.628461;,
		-1.573796;  4.774602; -1.077891;,
		-1.339193;  5.239544; -1.238862;,
		-1.288634;  5.135417; -1.450467;,
		-1.573796;  4.774602; -1.077891;,
		-1.419657;  5.275599; -1.014364;,
		-1.339193;  5.239544; -1.238862;,
		-1.573796;  4.774602; -1.077891;,
		-1.522151;  5.240052; -0.798943;,
		-1.419657;  5.275599; -1.014364;,
		-1.573796;  4.774602; -1.077891;,
		-1.636642;  5.136382; -0.613688;,
		-1.522151;  5.240052; -0.798943;,
		-1.573796;  4.774602; -1.077891;,
		-1.751921;  4.974739; -0.476734;,
		-1.636642;  5.136382; -0.613688;,
		-1.573796;  4.774602; -1.077891;,
		-1.469744;  5.020213; -1.681422;,
		-1.488112;  4.839062; -1.794147;,
		-1.445112;  4.828592; -1.815912;,
		-1.424874;  5.028178; -1.691716;,
		-1.484775;  5.175277; -1.511056;,
		-1.469744;  5.020213; -1.681422;,
		-1.424874;  5.028178; -1.691716;,
		-1.440578;  5.190185; -1.513722;,
		-1.533167;  5.274942; -1.308520;,
		-1.484775;  5.175277; -1.511056;,
		-1.440578;  5.190185; -1.513722;,
		-1.491137;  5.294312; -1.302117;,
		-1.610183;  5.309452; -1.093641;,
		-1.533167;  5.274942; -1.308520;,
		-1.491137;  5.294312; -1.302117;,
		-1.571601;  5.330367; -1.077619;,
		-1.708285;  5.275428; -0.887452;,
		-1.610183;  5.309452; -1.093641;,
		-1.571601;  5.330367; -1.077619;,
		-1.674095;  5.294820; -0.862198;,
		-1.817869;  5.176202; -0.710136;,
		-1.708285;  5.275428; -0.887452;,
		-1.674095;  5.294820; -0.862198;,
		-1.788585;  5.191151; -0.676944;,
		-1.928209;  5.021485; -0.579050;,
		-1.817869;  5.176202; -0.710136;,
		-1.788585;  5.191151; -0.676944;,
		-1.903865;  5.029507; -0.539989;,
		-1.538291;  4.960738; -1.608915;,
		-1.550141;  4.843879; -1.681633;,
		-1.488112;  4.839062; -1.794147;,
		-1.469744;  5.020213; -1.681422;,
		-1.550975;  5.091591; -1.465149;,
		-1.538291;  4.960738; -1.608915;,
		-1.469744;  5.020213; -1.681422;,
		-1.484775;  5.175277; -1.511056;,
		-1.591812;  5.175695; -1.294237;,
		-1.550975;  5.091591; -1.465149;,
		-1.484775;  5.175277; -1.511056;,
		-1.533167;  5.274942; -1.308520;,
		-1.656803;  5.204816; -1.112909;,
		-1.591812;  5.175695; -1.294237;,
		-1.533167;  5.274942; -1.308520;,
		-1.610183;  5.309452; -1.093641;,
		-1.739587;  5.176105; -0.938914;,
		-1.656803;  5.204816; -1.112909;,
		-1.610183;  5.309452; -1.093641;,
		-1.708285;  5.275428; -0.887452;,
		-1.832061;  5.092371; -0.789283;,
		-1.739587;  5.176105; -0.938914;,
		-1.708285;  5.275428; -0.887452;,
		-1.817869;  5.176202; -0.710136;,
		-1.925172;  4.961812; -0.678665;,
		-1.832061;  5.092371; -0.789283;,
		-1.817869;  5.176202; -0.710136;,
		-1.928209;  5.021485; -0.579050;,
		-1.538291;  4.960738; -1.608915;,
		-1.550975;  5.091591; -1.465149;,
		-1.772002;  4.846046; -1.160405;,
		-1.550975;  5.091591; -1.465149;,
		-1.591812;  5.175695; -1.294237;,
		-1.772002;  4.846046; -1.160405;,
		-1.591812;  5.175695; -1.294237;,
		-1.656803;  5.204816; -1.112909;,
		-1.772002;  4.846046; -1.160405;,
		-1.656803;  5.204816; -1.112909;,
		-1.739587;  5.176105; -0.938914;,
		-1.772002;  4.846046; -1.160405;,
		-1.739587;  5.176105; -0.938914;,
		-1.832061;  5.092371; -0.789283;,
		-1.772002;  4.846046; -1.160405;,
		-1.832061;  5.092371; -0.789283;,
		-1.925172;  4.961812; -0.678665;,
		-1.772002;  4.846046; -1.160405;,
		-1.925172;  4.961812; -0.678665;,
		-1.985189;  4.845086; -0.635565;,
		-1.772002;  4.846046; -1.160405;,
		-1.445112;  4.828592; -1.815912;,
		-1.293167;  4.773823; -1.752657;,
		-1.272930;  4.973410; -1.628461;,
		-1.424874;  5.028178; -1.691716;,
		-1.573796;  4.774602; -1.077891;,
		-1.854425;  4.775381; -0.403123;,
		-1.751921;  4.974739; -0.476734;,
		-2.006369;  4.830149; -0.466378;,
		-2.021244;  4.840541; -0.512239;,
		-1.928209;  5.021485; -0.579050;,
		-1.903865;  5.029507; -0.539989;,
		-2.021244;  4.840541; -0.512239;,
		-1.985189;  4.845086; -0.635565;,
		-1.925172;  4.961812; -0.678665;,
		-1.928209;  5.021485; -0.579050;,
		-1.772002;  4.846046; -1.160405;,
		-1.550141;  4.843879; -1.681633;,
		-1.538291;  4.960738; -1.608915;,
		-1.854425;  4.775381; -0.403123;,
		-1.573796;  4.774602; -1.077891;,
		-1.772002;  4.846046; -1.160405;,
		-1.985189;  4.845086; -0.635565;,
		-1.573796;  4.774602; -1.077891;,
		-1.293167;  4.773823; -1.752657;,
		-1.550141;  4.843879; -1.681633;,
		-1.772002;  4.846046; -1.160405;,
		-1.445112;  4.828592; -1.815912;,
		-1.488112;  4.839062; -1.794147;,
		-1.550141;  4.843879; -1.681633;,
		-1.293167;  4.773823; -1.752657;,
		-2.006369;  4.830149; -0.466378;,
		-1.854425;  4.775381; -0.403123;,
		-1.985189;  4.845086; -0.635565;,
		-2.021244;  4.840541; -0.512239;,
		-1.330434;  4.765899; -1.732917;,
		-1.310731;  4.960212; -1.612002;,
		-1.391124;  4.989189; -1.645469;,
		-1.410827;  4.794877; -1.766384;,
