xof 0303txt 0032

AnimTicksPerSecond {
	30;
}
Material blinn1 {
	 1.000000; 1.000000; 1.000000; 1.000000;;
	 128.000000;
	 0.500000; 0.500000; 0.500000;;
	 0.000000; 0.000000; 0.000000;;
	TextureFileName {".\\Egg_D.dds";}
}
Frame Egg_ROOTSHJnt {
	FrameTransformMatrix {
		0.999850,-0.017306,0.000000,0.000000,0.017306,0.999850,-0.000000,0.000000,-0.000000,0.000000,1.000000,0.000000,-0.011928,0.188270,-0.000000,1.000000;;
	}
	Frame Egg_l_ShoulderA_AuxSHJnt {
		FrameTransformMatrix {
			0.965926,0.000000,0.258819,0.000000,0.000000,1.000000,-0.000000,0.000000,-0.258819,-0.000000,0.965926,0.000000,0.280519,0.037912,-1.046913,1.000000;;
		}
		Frame Egg_l_LegA_01SHJnt {
			FrameTransformMatrix {
				-0.515783,0.843456,-0.150169,0.000000,-0.133398,-0.252214,-0.958433,0.000000,-0.846270,-0.474311,0.242603,0.000000,-0.009129,-0.069126,-0.704930,1.000000;;
			}
			Frame Egg_l_LegA_TopSHJnt {
				FrameTransformMatrix {
					0.153964,0.957298,-0.244693,0.000000,0.501617,0.137632,0.854072,0.000000,0.851279,-0.254239,-0.459006,0.000000,0.008009,0.708317,-0.143715,1.000000;;
				}
			}
		}
	}
	Frame Egg_r_ShoulderA_AuxSHJnt {
		FrameTransformMatrix {
			0.965926,0.000000,-0.258819,0.000000,-0.000000,1.000000,-0.000000,0.000000,0.258819,0.000000,0.965926,0.000000,-0.280519,0.024567,-1.046913,1.000000;;
		}
		Frame Egg_r_LegA_01SHJnt {
			FrameTransformMatrix {
				-0.513155,-0.838600,0.182814,0.000000,0.142502,-0.293284,-0.945345,0.000000,0.846383,-0.459058,0.270002,0.000000,0.015007,-0.090206,-0.701635,1.000000;;
			}
			Frame Egg_r_LegA_TopSHJnt {
				FrameTransformMatrix {
					-0.179075,0.946655,-0.267911,0.000000,0.527109,-0.137614,-0.838581,0.000000,-0.830715,-0.291387,-0.474347,0.000000,-0.017743,0.710876,-0.130736,1.000000;;
				}
			}
		}
	}
	Frame Egg_l_ShoulderB_AuxSHJnt {
		FrameTransformMatrix {
			0.707107,0.000000,0.707107,0.000000,0.000000,1.000000,-0.000000,0.000000,-0.707107,-0.000000,0.707107,0.000000,0.766393,0.013345,-0.766393,1.000000;;
		}
		Frame Egg_l_LegB_01SHJnt {
			FrameTransformMatrix {
				-0.160204,0.984527,-0.071006,0.000000,-0.155875,-0.096265,-0.983075,0.000000,-0.974699,-0.146424,0.168885,0.000000,-0.014811,-0.003009,-0.705643,1.000000;;
			}
			Frame Egg_l_LegB_TopSHJnt {
				FrameTransformMatrix {
					0.083061,0.981835,-0.170591,0.000000,0.148149,0.157115,0.976405,0.000000,0.985471,-0.106374,-0.132408,0.000000,-0.000732,0.708394,-0.137691,1.000000;;
				}
			}
		}
	}
	Frame Egg_r_ShoulderB_AuxSHJnt {
		FrameTransformMatrix {
			0.707107,0.000000,-0.707107,0.000000,-0.000000,1.000000,-0.000000,0.000000,0.707107,0.000000,0.707107,0.000000,-0.766393,0.013345,-0.766393,1.000000;;
		}
		Frame Egg_r_LegB_01SHJnt {
			FrameTransformMatrix {
				-0.157307,-0.980479,0.117960,0.000000,0.161671,-0.143404,-0.976370,0.000000,0.974226,-0.134519,0.181073,0.000000,0.018520,-0.013680,-0.700773,1.000000;;
			}
			Frame Egg_r_LegB_TopSHJnt {
				FrameTransformMatrix {
					-0.105964,0.978064,-0.179341,0.000000,0.169303,-0.159977,-0.972494,0.000000,-0.979851,-0.133413,-0.148637,0.000000,0.015486,0.702007,-0.123288,1.000000;;
				}
			}
		}
	}
	Frame Egg_l_ShoulderC_AuxSHJnt {
		FrameTransformMatrix {
			0.258819,0.000000,0.965926,0.000000,0.000000,1.000000,-0.000000,0.000000,-0.965926,-0.000000,0.258819,0.000000,1.046912,0.024567,-0.280519,1.000000;;
		}
		Frame Egg_l_LegC_01SHJnt {
			FrameTransformMatrix {
				-0.043461,0.983801,-0.173917,0.000000,-0.159395,-0.178680,-0.970910,0.000000,-0.986258,-0.014475,0.164579,0.000000,-0.022133,-0.054252,-0.703295,1.000000;;
			}
			Frame Egg_l_LegC_TopSHJnt {
				FrameTransformMatrix {
					0.190340,0.967794,-0.164761,0.000000,0.039060,0.160230,0.986307,0.000000,0.980941,-0.194169,-0.007304,0.000000,0.010670,0.722713,-0.143604,1.000000;;
				}
			}
		}
	}
	Frame Egg_r_ShoulderC_AuxSHJnt {
		FrameTransformMatrix {
			0.258819,0.000000,-0.965926,0.000000,-0.000000,1.000000,-0.000000,0.000000,0.965926,0.000000,0.258819,0.000000,-1.046912,0.037912,-0.280519,1.000000;;
		}
		Frame Egg_r_LegC_01SHJnt {
			FrameTransformMatrix {
				-0.042640,-0.975804,0.214451,0.000000,0.161772,-0.218557,-0.962321,0.000000,0.985906,-0.006341,0.167177,0.000000,0.023700,-0.051436,-0.696859,1.000000;;
			}
			Frame Egg_r_LegC_TopSHJnt {
				FrameTransformMatrix {
					-0.198110,0.965847,-0.167011,0.000000,0.047019,-0.160828,-0.985862,0.000000,-0.979051,-0.203162,-0.013551,0.000000,0.019850,0.713323,-0.136335,1.000000;;
				}
			}
		}
	}
	Frame Egg_l_ShoulderD_AuxSHJnt {
		FrameTransformMatrix {
			-0.258819,0.000000,0.965926,0.000000,0.000000,1.000000,-0.000000,0.000000,-0.965926,-0.000000,-0.258819,0.000000,1.046912,0.037912,0.280519,1.000000;;
		}
		Frame Egg_l_LegD_01SHJnt {
			FrameTransformMatrix {
				0.043497,0.987944,-0.148579,0.000000,-0.161683,-0.139798,-0.976891,0.000000,-0.985884,0.066515,0.153653,0.000000,-0.031376,-0.033147,-0.703078,1.000000;;
			}
			Frame Egg_l_LegD_TopSHJnt {
				FrameTransformMatrix {
					0.165075,0.974411,-0.152557,0.000000,-0.039077,0.161019,0.986177,0.000000,0.985507,-0.156831,0.064657,0.000000,0.001381,0.720672,-0.146253,1.000000;;
				}
			}
		}
	}
	Frame Egg_r_ShoulderD_AuxSHJnt {
		FrameTransformMatrix {
			-0.258819,0.000000,-0.965926,0.000000,0.000000,1.000000,-0.000000,0.000000,0.965926,-0.000000,-0.258819,0.000000,-1.046912,0.024567,0.280519,1.000000;;
		}
		Frame Egg_r_LegD_01SHJnt {
			FrameTransformMatrix {
				0.042682,-0.969921,0.239647,0.000000,0.159321,-0.230189,-0.960016,0.000000,0.986304,0.079156,0.144704,0.000000,0.029812,-0.065263,-0.695545,1.000000;;
			}
			Frame Egg_r_LegD_TopSHJnt {
				FrameTransformMatrix {
					-0.223401,0.963724,-0.146043,0.000000,-0.047035,-0.160314,-0.985945,0.000000,-0.973591,-0.213392,0.081143,0.000000,0.012905,0.715527,-0.150445,1.000000;;
				}
			}
		}
	}
	Frame Egg_l_ShoulderE_AuxSHJnt {
		FrameTransformMatrix {
			-0.707107,0.000000,0.707107,0.000000,0.000000,1.000000,-0.000000,0.000000,-0.707107,-0.000000,-0.707107,0.000000,0.766393,0.013345,0.766393,1.000000;;
		}
		Frame Egg_l_LegE_01SHJnt {
			FrameTransformMatrix {
				0.160204,0.984527,-0.071006,0.000000,-0.161407,-0.044838,-0.985869,0.000000,-0.973798,0.169401,0.151726,0.000000,-0.039260,0.009482,-0.702469,1.000000;;
			}
			Frame Egg_l_LegE_TopSHJnt {
				FrameTransformMatrix {
					0.083061,0.985234,-0.149715,0.000000,-0.148149,0.160773,0.975809,0.000000,0.985471,-0.058871,0.159315,0.000000,-0.004143,0.710443,-0.149416,1.000000;;
				}
			}
		}
	}
	Frame Egg_r_ShoulderE_AuxSHJnt {
		FrameTransformMatrix {
			-0.707107,0.000000,-0.707107,0.000000,0.000000,1.000000,-0.000000,0.000000,0.707107,-0.000000,-0.707107,0.000000,-0.766393,0.013345,0.766393,1.000000;;
		}
		Frame Egg_r_LegE_01SHJnt {
			FrameTransformMatrix {
				0.157307,-0.980479,0.117960,0.000000,0.155760,-0.093319,-0.983377,0.000000,0.975189,0.173066,0.138040,0.000000,0.035572,-0.001440,-0.698242,1.000000;;
			}
			Frame Egg_r_LegE_TopSHJnt {
				FrameTransformMatrix {
					-0.105965,0.984434,-0.140221,0.000000,-0.169303,-0.156817,-0.973008,0.000000,-0.979851,-0.079365,0.183285,0.000000,0.018680,0.700061,-0.161015,1.000000;;
				}
			}
		}
	}
	Frame Egg_l_ShoulderF_AuxSHJnt {
		FrameTransformMatrix {
			-0.965926,0.000000,0.258819,0.000000,0.000000,1.000000,-0.000000,0.000000,-0.258819,-0.000000,-0.965926,0.000000,0.280519,0.024567,1.046912,1.000000;;
		}
		Frame Egg_l_LegF_01SHJnt {
			FrameTransformMatrix {
				0.515660,0.839358,-0.171968,0.000000,-0.142180,-0.114099,-0.983243,0.000000,-0.844914,0.531469,0.060504,0.000000,-0.039638,-0.052969,-0.696803,1.000000;;
			}
			Frame Egg_l_LegF_TopSHJnt {
				FrameTransformMatrix {
					0.175746,0.982716,-0.058154,0.000000,-0.501563,0.140216,0.853683,0.000000,0.847082,-0.120863,0.517537,0.000000,0.012712,0.724511,-0.143826,1.000000;;
				}
			}
		}
	}
	Frame Egg_r_ShoulderF_AuxSHJnt {
		FrameTransformMatrix {
			-0.965926,0.000000,-0.258819,0.000000,0.000000,1.000000,-0.000000,0.000000,0.258819,-0.000000,-0.965926,0.000000,-0.280519,0.037912,1.046912,1.000000;;
		}
		Frame Egg_r_LegF_01SHJnt {
			FrameTransformMatrix {
				0.513029,-0.843098,0.161206,0.000000,0.133580,-0.107099,-0.985234,0.000000,0.847914,0.526987,0.057676,0.000000,0.033829,-0.039549,-0.695637,1.000000;;
			}
			Frame Egg_r_LegF_TopSHJnt {
				FrameTransformMatrix {
					-0.157447,0.985699,-0.060068,0.000000,-0.527057,-0.135315,-0.838988,0.000000,-0.835118,-0.100437,0.540824,0.000000,-0.008843,0.716446,-0.163998,1.000000;;
				}
			}
		}
	}
	Frame Egg_l_EyeBase_AuxSHJnt {
		FrameTransformMatrix {
			0.719866,-0.003433,0.694104,0.000000,0.444150,0.770743,-0.456822,0.000000,-0.533408,0.637137,0.556357,0.000000,0.534931,0.427871,-0.534931,1.000000;;
		}
		Frame Egg_l_Pupil_AuxSHJnt {
			FrameTransformMatrix {
				0.999211,0.000000,-0.039720,0.000000,-0.000000,1.000000,-0.000000,0.000000,0.039720,0.000000,0.999211,0.000000,0.005853,0.024886,0.147237,1.000000;;
			}
		}
		Frame Egg_l_UpperLidClosed_AuxSHJnt {
			FrameTransformMatrix {
				0.001000,0.000000,-0.000000,0.000000,0.000000,0.001000,-0.000000,0.000000,-0.000000,-0.000000,0.001000,0.000000,0.000000,-0.000000,-0.000000,1.000000;;
			}
		}
		Frame Egg_l_UpperLidOpen_AuxSHJnt {
			FrameTransformMatrix {
				0.001000,0.000000,-0.000000,0.000000,0.000000,0.001000,-0.000000,0.000000,-0.000000,-0.000000,0.001000,0.000000,0.000000,-0.000000,-0.000000,1.000000;;
			}
		}
		Frame Egg_l_LowerLidOpen_AuxSHJnt {
			FrameTransformMatrix {
				0.001000,0.000000,-0.000000,0.000000,0.000000,0.001000,-0.000000,0.000000,-0.000000,-0.000000,0.001000,0.000000,0.000000,-0.000000,-0.000000,1.000000;;
			}
		}
		Frame Egg_l_LowerLidClosed_AuxSHJnt {
			FrameTransformMatrix {
				0.001000,0.000000,-0.000000,0.000000,0.000000,0.001000,-0.000000,0.000000,-0.000000,-0.000000,0.001000,0.000000,0.000000,-0.000000,-0.000000,1.000000;;
			}
		}
	}
	Frame Egg_r_EyeBase_AuxSHJnt {
		FrameTransformMatrix {
			0.719866,0.003433,-0.694104,0.000000,-0.444150,0.770743,-0.456822,0.000000,0.533408,0.637137,0.556357,0.000000,-0.534931,0.427871,-0.534931,1.000000;;
		}
		Frame Egg_r_Pupil_AuxSHJnt {
			FrameTransformMatrix {
				0.998999,0.000000,0.044727,0.000000,0.000000,1.000000,-0.000000,0.000000,-0.044727,-0.000000,0.998999,0.000000,-0.006591,0.024886,0.147206,1.000000;;
			}
		}
		Frame Egg_r_UpperLidClosed_AuxSHJnt {
			FrameTransformMatrix {
				0.001000,0.000000,-0.000000,0.000000,0.000000,0.001000,-0.000000,0.000000,-0.000000,-0.000000,0.001000,0.000000,-0.000000,0.000000,-0.000000,1.000000;;
			}
		}
		Frame Egg_r_UpperLidOpen_AuxSHJnt {
			FrameTransformMatrix {
				0.001000,0.000000,-0.000000,0.000000,0.000000,0.001000,-0.000000,0.000000,-0.000000,-0.000000,0.001000,0.000000,-0.000000,0.000000,-0.000000,1.000000;;
			}
		}
		Frame Egg_r_LowerLidOpen_AuxSHJnt {
			FrameTransformMatrix {
				0.001000,0.000000,-0.000000,0.000000,0.000000,0.001000,-0.000000,0.000000,-0.000000,-0.000000,0.001000,0.000000,-0.000000,0.000000,-0.000000,1.000000;;
			}
		}
		Frame Egg_r_LowerLidClosed_AuxSHJnt {
			FrameTransformMatrix {
				0.001000,0.000000,-0.000000,0.000000,0.000000,0.001000,-0.000000,0.000000,-0.000000,-0.000000,0.001000,0.000000,-0.000000,0.000000,-0.000000,1.000000;;
			}
		}
	}
}
Frame EggGeo {
	FrameTransformMatrix {
		1.000000,0.000000,-0.000000,0.000000,0.000000,1.000000,-0.000000,0.000000,-0.000000,-0.000000,1.000000,0.000000,0.000000,0.000000,-0.000000,1.000000;;
	}
	Mesh EggGeoShape {
		3688;
		 1.020637;  0.000000;  0.273479;,
		 0.915078;  0.000000;  0.528320;,
		 1.227574;  0.000000;  0.708740;,
		 1.369181;  0.000000;  0.366871;,
		 0.915078;  0.000000;  0.528320;,
		 0.747158;  0.000000;  0.747158;,
		 1.002310;  0.000000;  1.002310;,
		 1.227574;  0.000000;  0.708740;,
		 0.747158;  0.000000;  0.747158;,
		 0.528321;  0.000000;  0.915078;,
		 0.708740;  0.000000;  1.227574;,
		 1.002310;  0.000000;  1.002310;,
		 0.528321;  0.000000;  0.915078;,
		 0.273479;  0.000000;  1.020637;,
		 0.366871;  0.000000;  1.369181;,
		 0.708740;  0.000000;  1.227574;,
		 0.273479;  0.000000;  1.020637;,
		 0.000000;  0.000000;  1.056641;,
		 0.000000;  0.000000;  1.417480;,
		 0.366871;  0.000000;  1.369181;,
		 0.000000;  0.000000;  1.056641;,
		-0.273479;  0.000000;  1.020637;,
		-0.366871;  0.000000;  1.369181;,
		 0.000000;  0.000000;  1.417480;,
		-0.273479;  0.000000;  1.020637;,
		-0.528321;  0.000000;  0.915078;,
		-0.708740;  0.000000;  1.227574;,
		-0.366871;  0.000000;  1.369181;,
		-0.528321;  0.000000;  0.915078;,
		-0.747158;  0.000000;  0.747158;,
		-1.002310;  0.000000;  1.002311;,
		-0.708740;  0.000000;  1.227574;,
		-0.747158;  0.000000;  0.747158;,
		-0.915078;  0.000000;  0.528321;,
		-1.227574;  0.000000;  0.708741;,
		-1.002310;  0.000000;  1.002311;,
		-0.915078;  0.000000;  0.528321;,
		-1.020637;  0.000000;  0.273479;,
		-1.369181;  0.000000;  0.366871;,
		-1.227574;  0.000000;  0.708741;,
		-1.020637;  0.000000;  0.273479;,
		-1.056641;  0.000000;  0.000000;,
		-1.417481;  0.000000;  0.000000;,
		-1.369181;  0.000000;  0.366871;,
		-1.056641;  0.000000;  0.000000;,
		-1.020638;  0.000000; -0.273479;,
		-1.369182;  0.000000; -0.366871;,
		-1.417481;  0.000000;  0.000000;,
		-1.020638;  0.000000; -0.273479;,
		-0.915078;  0.000000; -0.528321;,
		-1.227574;  0.000000; -0.708740;,
		-1.369182;  0.000000; -0.366871;,
		-0.915078;  0.000000; -0.528321;,
		-0.747159;  0.000000; -0.747158;,
		-1.002311;  0.000000; -1.002311;,
		-1.227574;  0.000000; -0.708740;,
		-0.747159;  0.000000; -0.747158;,
		-0.528321;  0.000000; -0.915079;,
		-0.708741;  0.000000; -1.227575;,
		-1.002311;  0.000000; -1.002311;,
		-0.528321;  0.000000; -0.915079;,
		-0.273479;  0.000000; -1.020638;,
		-0.366871;  0.000000; -1.369182;,
		-0.708741;  0.000000; -1.227575;,
		-0.273479;  0.000000; -1.020638;,
		-0.000000;  0.000000; -1.056642;,
		-0.000000;  0.000000; -1.417481;,
		-0.366871;  0.000000; -1.369182;,
		-0.000000;  0.000000; -1.056642;,
		 0.273479;  0.000000; -1.020638;,
		 0.366871;  0.000000; -1.369182;,
		-0.000000;  0.000000; -1.417481;,
		 0.273479;  0.000000; -1.020638;,
		 0.528321;  0.000000; -0.915079;,
		 0.708741;  0.000000; -1.227575;,
		 0.366871;  0.000000; -1.369182;,
		 0.528321;  0.000000; -0.915079;,
		 0.747159;  0.000000; -0.747159;,
		 1.002311;  0.000000; -1.002311;,
		 0.708741;  0.000000; -1.227575;,
		 0.747159;  0.000000; -0.747159;,
		 0.915079;  0.000000; -0.528321;,
		 1.227575;  0.000000; -0.708741;,
		 1.002311;  0.000000; -1.002311;,
		 0.915079;  0.000000; -0.528321;,
		 1.020638;  0.000000; -0.273479;,
		 1.369182;  0.000000; -0.366871;,
		 1.227575;  0.000000; -0.708741;,
		 1.020638;  0.000000; -0.273479;,
		 1.056642;  0.000000; -0.000000;,
		 1.417481;  0.000000; -0.000000;,
		 1.369182;  0.000000; -0.366871;,
		 1.056642;  0.000000; -0.000000;,
		 1.020637;  0.000000;  0.273479;,
		 1.369181;  0.000000;  0.366871;,
		 1.417481;  0.000000; -0.000000;,
		 2.414813;  0.000000;  0.647047;,
		 2.165062;  0.000000;  1.249999;,
		 2.151109;  0.073916;  1.241943;,
		 2.399250;  0.073916;  0.642877;,
		 2.165062;  0.000000;  1.249999;,
		 1.767766;  0.000000;  1.767766;,
		 1.756373;  0.073916;  1.756373;,
		 2.151109;  0.073916;  1.241943;,
		 1.767766;  0.000000;  1.767766;,
		 1.250000;  0.000000;  2.165062;,
		 1.241943;  0.073916;  2.151109;,
		 1.756373;  0.073916;  1.756373;,
		 1.250000;  0.000000;  2.165062;,
		 0.647048;  0.000000;  2.414813;,
		 0.642877;  0.073916;  2.399250;,
		 1.241943;  0.073916;  2.151109;,
		 0.647048;  0.000000;  2.414813;,
		 0.000000;  0.000000;  2.499999;,
		 0.000000;  0.073916;  2.483886;,
		 0.642877;  0.073916;  2.399250;,
		 0.000000;  0.000000;  2.499999;,
		-0.647047;  0.000000;  2.414814;,
		-0.642877;  0.073916;  2.399250;,
		 0.000000;  0.073916;  2.483886;,
		-0.647047;  0.000000;  2.414814;,
		-1.249999;  0.000000;  2.165063;,
		-1.241943;  0.073916;  2.151109;,
		-0.642877;  0.073916;  2.399250;,
		-1.249999;  0.000000;  2.165063;,
		-1.767766;  0.000000;  1.767766;,
		-1.756373;  0.073916;  1.756373;,
		-1.241943;  0.073916;  2.151109;,
		-1.767766;  0.000000;  1.767766;,
		-2.165063;  0.000000;  1.250000;,
		-2.151109;  0.073916;  1.241943;,
		-1.756373;  0.073916;  1.756373;,
		-2.165063;  0.000000;  1.250000;,
		-2.414814;  0.000000;  0.647048;,
		-2.399250;  0.073916;  0.642877;,
		-2.151109;  0.073916;  1.241943;,
		-2.414814;  0.000000;  0.647048;,
		-2.499999;  0.000000;  0.000000;,
		-2.483887;  0.073916;  0.000000;,
		-2.399250;  0.073916;  0.642877;,
		-2.499999;  0.000000;  0.000000;,
		-2.414814;  0.000000; -0.647047;,
		-2.399251;  0.073916; -0.642877;,
		-2.483887;  0.073916;  0.000000;,
		-2.414814;  0.000000; -0.647047;,
		-2.165063;  0.000000; -1.250000;,
		-2.151109;  0.073916; -1.241943;,
		-2.399251;  0.073916; -0.642877;,
		-2.165063;  0.000000; -1.250000;,
		-1.767767;  0.000000; -1.767766;,
		-1.756373;  0.073916; -1.756373;,
		-2.151109;  0.073916; -1.241943;,
		-1.767767;  0.000000; -1.767766;,
		-1.250000;  0.000000; -2.165063;,
		-1.241944;  0.073916; -2.151109;,
		-1.756373;  0.073916; -1.756373;,
		-1.250000;  0.000000; -2.165063;,
		-0.647048;  0.000000; -2.414814;,
		-0.642877;  0.073916; -2.399251;,
		-1.241944;  0.073916; -2.151109;,
		-0.647048;  0.000000; -2.414814;,
		-0.000000;  0.000000; -2.500000;,
		-0.000000;  0.073916; -2.483887;,
		-0.642877;  0.073916; -2.399251;,
		-0.000000;  0.000000; -2.500000;,
		 0.647047;  0.000000; -2.414814;,
		 0.642877;  0.073916; -2.399251;,
		-0.000000;  0.073916; -2.483887;,
		 0.647047;  0.000000; -2.414814;,
		 1.250000;  0.000000; -2.165063;,
		 1.241943;  0.073916; -2.151110;,
		 0.642877;  0.073916; -2.399251;,
		 1.250000;  0.000000; -2.165063;,
		 1.767767;  0.000000; -1.767767;,
		 1.756374;  0.073916; -1.756374;,
		 1.241943;  0.073916; -2.151110;,
		 1.767767;  0.000000; -1.767767;,
		 2.165063;  0.000000; -1.250000;,
		 2.151109;  0.073916; -1.241944;,
		 1.756374;  0.073916; -1.756374;,
		 2.165063;  0.000000; -1.250000;,
		 2.414814;  0.000000; -0.647048;,
		 2.399251;  0.073916; -0.642877;,
		 2.151109;  0.073916; -1.241944;,
		 2.414814;  0.000000; -0.647048;,
		 2.500000;  0.000000; -0.000000;,
		 2.483887;  0.073916; -0.000000;,
		 2.399251;  0.073916; -0.642877;,
		 2.500000;  0.000000; -0.000000;,
		 2.414813;  0.000000;  0.647047;,
		 2.399250;  0.073916;  0.642877;,
		 2.483887;  0.073916; -0.000000;,
		 2.399250;  0.073916;  0.642877;,
		 2.151109;  0.073916;  1.241943;,
		 1.851856;  0.112154;  1.069170;,
		 2.065477;  0.112154;  0.553443;,
		 2.151109;  0.073916;  1.241943;,
		 1.756373;  0.073916;  1.756373;,
		 1.512035;  0.112154;  1.512034;,
		 1.851856;  0.112154;  1.069170;,
		 1.756373;  0.073916;  1.756373;,
		 1.241943;  0.073916;  2.151109;,
		 1.069170;  0.112154;  1.851856;,
		 1.512035;  0.112154;  1.512034;,
		 1.241943;  0.073916;  2.151109;,
		 0.642877;  0.073916;  2.399250;,
		 0.553443;  0.112154;  2.065477;,
		 1.069170;  0.112154;  1.851856;,
		 0.642877;  0.073916;  2.399250;,
		 0.000000;  0.073916;  2.483886;,
		 0.000000;  0.112154;  2.138340;,
		 0.553443;  0.112154;  2.065477;,
		 0.000000;  0.073916;  2.483886;,
		-0.642877;  0.073916;  2.399250;,
		-0.553443;  0.112154;  2.065478;,
		 0.000000;  0.112154;  2.138340;,
		-0.642877;  0.073916;  2.399250;,
		-1.241943;  0.073916;  2.151109;,
		-1.069170;  0.112154;  1.851857;,
		-0.553443;  0.112154;  2.065478;,
		-1.241943;  0.073916;  2.151109;,
		-1.756373;  0.073916;  1.756373;,
		-1.512035;  0.112154;  1.512035;,
		-1.069170;  0.112154;  1.851857;,
		-1.756373;  0.073916;  1.756373;,
		-2.151109;  0.073916;  1.241943;,
		-1.851857;  0.112154;  1.069170;,
		-1.512035;  0.112154;  1.512035;,
		-2.151109;  0.073916;  1.241943;,
		-2.399250;  0.073916;  0.642877;,
		-2.065478;  0.112154;  0.553443;,
		-1.851857;  0.112154;  1.069170;,
		-2.399250;  0.073916;  0.642877;,
		-2.483887;  0.073916;  0.000000;,
		-2.138340;  0.112154;  0.000000;,
		-2.065478;  0.112154;  0.553443;,
		-2.483887;  0.073916;  0.000000;,
		-2.399251;  0.073916; -0.642877;,
		-2.065478;  0.112154; -0.553443;,
		-2.138340;  0.112154;  0.000000;,
		-2.399251;  0.073916; -0.642877;,
		-2.151109;  0.073916; -1.241943;,
		-1.851857;  0.112154; -1.069170;,
		-2.065478;  0.112154; -0.553443;,
		-2.151109;  0.073916; -1.241943;,
		-1.756373;  0.073916; -1.756373;,
		-1.512035;  0.112154; -1.512035;,
		-1.851857;  0.112154; -1.069170;,
		-1.756373;  0.073916; -1.756373;,
		-1.241944;  0.073916; -2.151109;,
		-1.069170;  0.112154; -1.851857;,
		-1.512035;  0.112154; -1.512035;,
		-1.241944;  0.073916; -2.151109;,
		-0.642877;  0.073916; -2.399251;,
		-0.553443;  0.112154; -2.065478;,
		-1.069170;  0.112154; -1.851857;,
		-0.642877;  0.073916; -2.399251;,
		-0.000000;  0.073916; -2.483887;,
		-0.000000;  0.112154; -2.138340;,
		-0.553443;  0.112154; -2.065478;,
		-0.000000;  0.073916; -2.483887;,
		 0.642877;  0.073916; -2.399251;,
		 0.553443;  0.112154; -2.065478;,
		-0.000000;  0.112154; -2.138340;,
		 0.642877;  0.073916; -2.399251;,
		 1.241943;  0.073916; -2.151110;,
		 1.069170;  0.112154; -1.851857;,
		 0.553443;  0.112154; -2.065478;,
		 1.241943;  0.073916; -2.151110;,
		 1.756374;  0.073916; -1.756374;,
		 1.512035;  0.112154; -1.512035;,
		 1.069170;  0.112154; -1.851857;,
		 1.756374;  0.073916; -1.756374;,
		 2.151109;  0.073916; -1.241944;,
		 1.851857;  0.112154; -1.069170;,
		 1.512035;  0.112154; -1.512035;,
		 2.151109;  0.073916; -1.241944;,
		 2.399251;  0.073916; -0.642877;,
		 2.065478;  0.112154; -0.553443;,
		 1.851857;  0.112154; -1.069170;,
		 2.399251;  0.073916; -0.642877;,
		 2.483887;  0.073916; -0.000000;,
		 2.138341;  0.112154; -0.000000;,
		 2.065478;  0.112154; -0.553443;,
		 2.483887;  0.073916; -0.000000;,
		 2.399250;  0.073916;  0.642877;,
		 2.065477;  0.112154;  0.553443;,
		 2.138341;  0.112154; -0.000000;,
		 0.314313;  0.000000;  0.181469;,
		 0.350571;  0.000000;  0.093935;,
		 0.000000;  0.000000; -0.000000;,
		 0.256636;  0.000000;  0.256635;,
		 0.314313;  0.000000;  0.181469;,
		 0.000000;  0.000000; -0.000000;,
		 0.181469;  0.000000;  0.314313;,
		 0.256636;  0.000000;  0.256635;,
		 0.000000;  0.000000; -0.000000;,
		 0.093935;  0.000000;  0.350570;,
		 0.181469;  0.000000;  0.314313;,
		 0.000000;  0.000000; -0.000000;,
		 0.000000;  0.000000;  0.362937;,
		 0.093935;  0.000000;  0.350570;,
		 0.000000;  0.000000; -0.000000;,
		-0.093935;  0.000000;  0.350570;,
		 0.000000;  0.000000;  0.362937;,
		 0.000000;  0.000000; -0.000000;,
		-0.181469;  0.000000;  0.314313;,
		-0.093935;  0.000000;  0.350570;,
		 0.000000;  0.000000; -0.000000;,
		-0.256635;  0.000000;  0.256635;,
		-0.181469;  0.000000;  0.314313;,
		 0.000000;  0.000000; -0.000000;,
		-0.314313;  0.000000;  0.181469;,
		-0.256635;  0.000000;  0.256635;,
		 0.000000;  0.000000; -0.000000;,
		-0.350571;  0.000000;  0.093935;,
		-0.314313;  0.000000;  0.181469;,
		 0.000000;  0.000000; -0.000000;,
		-0.362937;  0.000000; -0.000000;,
		-0.350571;  0.000000;  0.093935;,
		 0.000000;  0.000000; -0.000000;,
		-0.350571;  0.000000; -0.093935;,
		-0.362937;  0.000000; -0.000000;,
		 0.000000;  0.000000; -0.000000;,
		-0.314313;  0.000000; -0.181469;,
		-0.350571;  0.000000; -0.093935;,
		 0.000000;  0.000000; -0.000000;,
		-0.256635;  0.000000; -0.256636;,
		-0.314313;  0.000000; -0.181469;,
		 0.000000;  0.000000; -0.000000;,
		-0.181469;  0.000000; -0.314313;,
		-0.256635;  0.000000; -0.256636;,
		 0.000000;  0.000000; -0.000000;,
		-0.093935;  0.000000; -0.350571;,
		-0.181469;  0.000000; -0.314313;,
		 0.000000;  0.000000; -0.000000;,
		 0.000000;  0.000000; -0.362938;,
		-0.093935;  0.000000; -0.350571;,
		 0.000000;  0.000000; -0.000000;,
		 0.093935;  0.000000; -0.350571;,
		 0.000000;  0.000000; -0.362938;,
		 0.000000;  0.000000; -0.000000;,
		 0.181469;  0.000000; -0.314313;,
		 0.093935;  0.000000; -0.350571;,
		 0.000000;  0.000000; -0.000000;,
		 0.256636;  0.000000; -0.256636;,
		 0.181469;  0.000000; -0.314313;,
		 0.000000;  0.000000; -0.000000;,
		 0.314313;  0.000000; -0.181469;,
		 0.256636;  0.000000; -0.256636;,
		 0.000000;  0.000000; -0.000000;,
		 0.350571;  0.000000; -0.093935;,
		 0.314313;  0.000000; -0.181469;,
		 0.000000;  0.000000; -0.000000;,
		 0.362938;  0.000000; -0.000000;,
		 0.350571;  0.000000; -0.093935;,
		 0.000000;  0.000000; -0.000000;,
		 0.350571;  0.000000;  0.093935;,
		 0.362938;  0.000000; -0.000000;,
		 0.000000;  0.000000; -0.000000;,
		 0.416433;  0.717744;  0.111583;,
		 0.373363;  0.717743;  0.215561;,
		 0.000000;  0.758327; -0.000000;,
		 0.373363;  0.717743;  0.215561;,
		 0.304850;  0.717743;  0.304850;,
		 0.000000;  0.758327; -0.000000;,
		 0.304850;  0.717743;  0.304850;,
		 0.215562;  0.717743;  0.373363;,
		 0.000000;  0.758327; -0.000000;,
		 0.215562;  0.717743;  0.373363;,
		 0.111583;  0.717743;  0.416433;,
		 0.000000;  0.758327; -0.000000;,
		 0.111583;  0.717743;  0.416433;,
		 0.000000;  0.717743;  0.431123;,
		 0.000000;  0.758327; -0.000000;,
		 0.000000;  0.717743;  0.431123;,
		-0.111583;  0.717743;  0.416433;,
		 0.000000;  0.758327; -0.000000;,
		-0.111583;  0.717743;  0.416433;,
		-0.215561;  0.717743;  0.373363;,
		 0.000000;  0.758327; -0.000000;,
		-0.215561;  0.717743;  0.373363;,
		-0.304850;  0.717743;  0.304850;,
		 0.000000;  0.758327; -0.000000;,
		-0.304850;  0.717743;  0.304850;,
		-0.373363;  0.717743;  0.215561;,
		 0.000000;  0.758327; -0.000000;,
		-0.373363;  0.717743;  0.215561;,
		-0.416433;  0.717743;  0.111583;,
		 0.000000;  0.758327; -0.000000;,
		-0.416433;  0.717743;  0.111583;,
		-0.431123;  0.717743; -0.000000;,
		 0.000000;  0.758327; -0.000000;,
		-0.431123;  0.717743; -0.000000;,
		-0.416433;  0.717743; -0.111583;,
		 0.000000;  0.758327; -0.000000;,
		-0.416433;  0.717743; -0.111583;,
		-0.373363;  0.717743; -0.215562;,
		 0.000000;  0.758327; -0.000000;,
		-0.373363;  0.717743; -0.215562;,
		-0.304850;  0.717743; -0.304850;,
		 0.000000;  0.758327; -0.000000;,
		-0.304850;  0.717743; -0.304850;,
		-0.215561;  0.717743; -0.373364;,
		 0.000000;  0.758327; -0.000000;,
		-0.215561;  0.717743; -0.373364;,
		-0.111583;  0.717743; -0.416433;,
		 0.000000;  0.758327; -0.000000;,
		-0.111583;  0.717743; -0.416433;,
		 0.000000;  0.717743; -0.431123;,
		 0.000000;  0.758327; -0.000000;,
		 0.000000;  0.717743; -0.431123;,
		 0.111583;  0.717743; -0.416433;,
		 0.000000;  0.758327; -0.000000;,
		 0.111583;  0.717743; -0.416433;,
		 0.215562;  0.717743; -0.373364;,
		 0.000000;  0.758327; -0.000000;,
		 0.215562;  0.717743; -0.373364;,
		 0.304850;  0.717743; -0.304850;,
		 0.000000;  0.758327; -0.000000;,
		 0.304850;  0.717743; -0.304850;,
		 0.373364;  0.717743; -0.215562;,
		 0.000000;  0.758327; -0.000000;,
		 0.373364;  0.717743; -0.215562;,
		 0.416433;  0.717743; -0.111583;,
		 0.000000;  0.758327; -0.000000;,
		 0.416433;  0.717743; -0.111583;,
		 0.431123;  0.717743; -0.000000;,
		 0.000000;  0.758327; -0.000000;,
		 0.431123;  0.717743; -0.000000;,
		 0.416433;  0.717744;  0.111583;,
		 0.000000;  0.758327; -0.000000;,
		-1.538651;  0.147224; -0.888340;,
		-1.256303;  0.147224; -1.256303;,
		-1.000571;  0.169624; -1.000571;,
		-1.225445;  0.169624; -0.707511;,
		-1.716142;  0.147224; -0.459839;,
		-1.538651;  0.147224; -0.888340;,
		-1.225445;  0.169624; -0.707511;,
		-1.366806;  0.169624; -0.366234;,
		-1.776681;  0.147224;  0.000000;,
		-1.716142;  0.147224; -0.459839;,
		-1.366806;  0.169624; -0.366234;,
		-1.415021;  0.169624;  0.000000;,
		-1.716142;  0.147224;  0.459839;,
		-1.776681;  0.147224;  0.000000;,
		-1.415021;  0.169624;  0.000000;,
		-1.366806;  0.169624;  0.366235;,
		-1.538651;  0.147224;  0.888340;,
		-1.716142;  0.147224;  0.459839;,
		-1.366806;  0.169624;  0.366235;,
		-1.225445;  0.169624;  0.707511;,
		-1.256303;  0.147224;  1.256303;,
		-1.538651;  0.147224;  0.888340;,
		-1.225445;  0.169624;  0.707511;,
		-1.000571;  0.169624;  1.000571;,
		-0.888340;  0.147224;  1.538651;,
		-1.256303;  0.147224;  1.256303;,
		-1.000571;  0.169624;  1.000571;,
		-0.707511;  0.169624;  1.225444;,
		-0.459839;  0.147224;  1.716142;,
		-0.888340;  0.147224;  1.538651;,
		-0.707511;  0.169624;  1.225444;,
		-0.366234;  0.169624;  1.366806;,
		 0.000000;  0.147224;  1.776680;,
		-0.459839;  0.147224;  1.716142;,
		-0.366234;  0.169624;  1.366806;,
		 0.000000;  0.169624;  1.415021;,
		 0.459839;  0.147224;  1.716141;,
		 0.000000;  0.147224;  1.776680;,
		 0.000000;  0.169624;  1.415021;,
		 0.366235;  0.169624;  1.366805;,
		 0.888340;  0.147224;  1.538650;,
		 0.459839;  0.147224;  1.716141;,
		 0.366235;  0.169624;  1.366805;,
		 0.707511;  0.169624;  1.225444;,
		 1.256303;  0.147224;  1.256303;,
		 0.888340;  0.147224;  1.538650;,
		 0.707511;  0.169624;  1.225444;,
		 1.000571;  0.169624;  1.000571;,
		 1.538650;  0.147224;  0.888340;,
		 1.256303;  0.147224;  1.256303;,
		 1.000571;  0.169624;  1.000571;,
		 1.225444;  0.169624;  0.707510;,
		 1.716141;  0.147224;  0.459839;,
		 1.538650;  0.147224;  0.888340;,
		 1.225444;  0.169624;  0.707510;,
		 1.366806;  0.169624;  0.366234;,
		 1.776681;  0.147224; -0.000000;,
		 1.716141;  0.147224;  0.459839;,
		 1.366806;  0.169624;  0.366234;,
		 1.415022;  0.169624; -0.000000;,
		 1.716142;  0.147224; -0.459839;,
		 1.776681;  0.147224; -0.000000;,
		 1.415022;  0.169624; -0.000000;,
		 1.366806;  0.169624; -0.366235;,
		 1.538651;  0.147224; -0.888341;,
		 1.716142;  0.147224; -0.459839;,
		 1.366806;  0.169624; -0.366235;,
		 1.225445;  0.169624; -0.707511;,
		 1.256303;  0.147224; -1.256304;,
		 1.538651;  0.147224; -0.888341;,
		 1.225445;  0.169624; -0.707511;,
		 1.000571;  0.169624; -1.000572;,
		 0.888340;  0.147224; -1.538651;,
		 1.256303;  0.147224; -1.256304;,
		 1.000571;  0.169624; -1.000572;,
		 0.707511;  0.169624; -1.225445;,
		 0.459839;  0.147224; -1.716142;,
		 0.888340;  0.147224; -1.538651;,
		 0.707511;  0.169624; -1.225445;,
		 0.366235;  0.169624; -1.366806;,
		-0.000000;  0.147224; -1.776681;,
		 0.459839;  0.147224; -1.716142;,
		 0.366235;  0.169624; -1.366806;,
		-0.000000;  0.169624; -1.415022;,
		-0.459839;  0.147224; -1.716142;,
		-0.000000;  0.147224; -1.776681;,
		-0.000000;  0.169624; -1.415022;,
		-0.366235;  0.169624; -1.366806;,
		-0.888341;  0.147224; -1.538651;,
		-0.459839;  0.147224; -1.716142;,
		-0.366235;  0.169624; -1.366806;,
		-0.707511;  0.169624; -1.225445;,
		-1.256303;  0.147224; -1.256303;,
		-0.888341;  0.147224; -1.538651;,
		-0.707511;  0.169624; -1.225445;,
		-1.000571;  0.169624; -1.000571;,
		-1.851857;  0.112154; -1.069170;,
		-1.512035;  0.112154; -1.512035;,
		-1.256303;  0.147224; -1.256303;,
		-1.538651;  0.147224; -0.888340;,
		-2.065478;  0.112154; -0.553443;,
		-1.851857;  0.112154; -1.069170;,
		-1.538651;  0.147224; -0.888340;,
		-1.716142;  0.147224; -0.459839;,
		-2.138340;  0.112154;  0.000000;,
		-2.065478;  0.112154; -0.553443;,
		-1.716142;  0.147224; -0.459839;,
		-1.776681;  0.147224;  0.000000;,
		-2.065478;  0.112154;  0.553443;,
		-2.138340;  0.112154;  0.000000;,
		-1.776681;  0.147224;  0.000000;,
		-1.716142;  0.147224;  0.459839;,
		-1.851857;  0.112154;  1.069170;,
		-2.065478;  0.112154;  0.553443;,
		-1.716142;  0.147224;  0.459839;,
		-1.538651;  0.147224;  0.888340;,
		-1.512035;  0.112154;  1.512035;,
		-1.851857;  0.112154;  1.069170;,
		-1.538651;  0.147224;  0.888340;,
		-1.256303;  0.147224;  1.256303;,
		-1.069170;  0.112154;  1.851857;,
		-1.512035;  0.112154;  1.512035;,
		-1.256303;  0.147224;  1.256303;,
		-0.888340;  0.147224;  1.538651;,
		-0.553443;  0.112154;  2.065478;,
		-1.069170;  0.112154;  1.851857;,
		-0.888340;  0.147224;  1.538651;,
		-0.459839;  0.147224;  1.716142;,
		 0.000000;  0.112154;  2.138340;,
		-0.553443;  0.112154;  2.065478;,
		-0.459839;  0.147224;  1.716142;,
		 0.000000;  0.147224;  1.776680;,
		 0.553443;  0.112154;  2.065477;,
		 0.000000;  0.112154;  2.138340;,
		 0.000000;  0.147224;  1.776680;,
		 0.459839;  0.147224;  1.716141;,
		 1.069170;  0.112154;  1.851856;,
		 0.553443;  0.112154;  2.065477;,
		 0.459839;  0.147224;  1.716141;,
		 0.888340;  0.147224;  1.538650;,
		 1.512035;  0.112154;  1.512034;,
		 1.069170;  0.112154;  1.851856;,
		 0.888340;  0.147224;  1.538650;,
		 1.256303;  0.147224;  1.256303;,
		 1.851856;  0.112154;  1.069170;,
		 1.512035;  0.112154;  1.512034;,
		 1.256303;  0.147224;  1.256303;,
		 1.538650;  0.147224;  0.888340;,
		 2.065477;  0.112154;  0.553443;,
		 1.851856;  0.112154;  1.069170;,
		 1.538650;  0.147224;  0.888340;,
		 1.716141;  0.147224;  0.459839;,
		 2.138341;  0.112154; -0.000000;,
		 2.065477;  0.112154;  0.553443;,
		 1.716141;  0.147224;  0.459839;,
		 1.776681;  0.147224; -0.000000;,
		 2.065478;  0.112154; -0.553443;,
		 2.138341;  0.112154; -0.000000;,
		 1.776681;  0.147224; -0.000000;,
		 1.716142;  0.147224; -0.459839;,
		 1.851857;  0.112154; -1.069170;,
		 2.065478;  0.112154; -0.553443;,
		 1.716142;  0.147224; -0.459839;,
		 1.538651;  0.147224; -0.888341;,
		 1.512035;  0.112154; -1.512035;,
		 1.851857;  0.112154; -1.069170;,
		 1.538651;  0.147224; -0.888341;,
		 1.256303;  0.147224; -1.256304;,
		 1.069170;  0.112154; -1.851857;,
		 1.512035;  0.112154; -1.512035;,
		 1.256303;  0.147224; -1.256304;,
		 0.888340;  0.147224; -1.538651;,
		 0.553443;  0.112154; -2.065478;,
		 1.069170;  0.112154; -1.851857;,
		 0.888340;  0.147224; -1.538651;,
		 0.459839;  0.147224; -1.716142;,
		-0.000000;  0.112154; -2.138340;,
		 0.553443;  0.112154; -2.065478;,
		 0.459839;  0.147224; -1.716142;,
		-0.000000;  0.147224; -1.776681;,
		-0.553443;  0.112154; -2.065478;,
		-0.000000;  0.112154; -2.138340;,
		-0.000000;  0.147224; -1.776681;,
		-0.459839;  0.147224; -1.716142;,
		-1.069170;  0.112154; -1.851857;,
		-0.553443;  0.112154; -2.065478;,
		-0.459839;  0.147224; -1.716142;,
		-0.888341;  0.147224; -1.538651;,
		-1.512035;  0.112154; -1.512035;,
		-1.069170;  0.112154; -1.851857;,
		-0.888341;  0.147224; -1.538651;,
		-1.256303;  0.147224; -1.256303;,
		-2.066270;  0.000000; -0.553655;,
		-1.852567;  0.000000; -1.069580;,
		-2.165063;  0.000000; -1.250000;,
		-2.414814;  0.000000; -0.647047;,
		-2.139160;  0.000000;  0.000000;,
		-2.066270;  0.000000; -0.553655;,
		-2.414814;  0.000000; -0.647047;,
		-2.499999;  0.000000;  0.000000;,
		-2.066270;  0.000000;  0.553655;,
		-2.139160;  0.000000;  0.000000;,
		-2.499999;  0.000000;  0.000000;,
		-2.414814;  0.000000;  0.647048;,
		-1.852566;  0.000000;  1.069580;,
		-2.066270;  0.000000;  0.553655;,
		-2.414814;  0.000000;  0.647048;,
		-2.165063;  0.000000;  1.250000;,
		-1.512614;  0.000000;  1.512614;,
		-1.852566;  0.000000;  1.069580;,
		-2.165063;  0.000000;  1.250000;,
		-1.767766;  0.000000;  1.767766;,
		-1.069580;  0.000000;  1.852566;,
		-1.512614;  0.000000;  1.512614;,
		-1.767766;  0.000000;  1.767766;,
		-1.249999;  0.000000;  2.165063;,
		-0.553655;  0.000000;  2.066269;,
		-1.069580;  0.000000;  1.852566;,
		-1.249999;  0.000000;  2.165063;,
		-0.647047;  0.000000;  2.414814;,
		 0.000000;  0.000000;  2.139159;,
		-0.553655;  0.000000;  2.066269;,
		-0.647047;  0.000000;  2.414814;,
		 0.000000;  0.000000;  2.499999;,
		 0.553655;  0.000000;  2.066269;,
		 0.000000;  0.000000;  2.139159;,
		 0.000000;  0.000000;  2.499999;,
		 0.647048;  0.000000;  2.414813;,
		 1.069580;  0.000000;  1.852566;,
		 0.553655;  0.000000;  2.066269;,
		 0.647048;  0.000000;  2.414813;,
		 1.250000;  0.000000;  2.165062;,
		 1.512614;  0.000000;  1.512614;,
		 1.069580;  0.000000;  1.852566;,
		 1.250000;  0.000000;  2.165062;,
		 1.767766;  0.000000;  1.767766;,
		 1.852566;  0.000000;  1.069579;,
		 1.512614;  0.000000;  1.512614;,
		 1.767766;  0.000000;  1.767766;,
		 2.165062;  0.000000;  1.249999;,
		 2.066269;  0.000000;  0.553655;,
		 1.852566;  0.000000;  1.069579;,
		 2.165062;  0.000000;  1.249999;,
		 2.414813;  0.000000;  0.647047;,
		 2.139160;  0.000000; -0.000000;,
		 2.066269;  0.000000;  0.553655;,
		 2.414813;  0.000000;  0.647047;,
		 2.500000;  0.000000; -0.000000;,
		 2.066270;  0.000000; -0.553656;,
		 2.139160;  0.000000; -0.000000;,
		 2.500000;  0.000000; -0.000000;,
		 2.414814;  0.000000; -0.647048;,
		 1.852567;  0.000000; -1.069580;,
		 2.066270;  0.000000; -0.553656;,
		 2.414814;  0.000000; -0.647048;,
		 2.165063;  0.000000; -1.250000;,
		 1.512615;  0.000000; -1.512615;,
		 1.852567;  0.000000; -1.069580;,
		 2.165063;  0.000000; -1.250000;,
		 1.767767;  0.000000; -1.767767;,
		 1.069580;  0.000000; -1.852567;,
		 1.512615;  0.000000; -1.512615;,
		 1.767767;  0.000000; -1.767767;,
		 1.250000;  0.000000; -2.165063;,
		 0.553655;  0.000000; -2.066270;,
		 1.069580;  0.000000; -1.852567;,
		 1.250000;  0.000000; -2.165063;,
		 0.647047;  0.000000; -2.414814;,
		-0.000000;  0.000000; -2.139160;,
		 0.553655;  0.000000; -2.066270;,
		 0.647047;  0.000000; -2.414814;,
		-0.000000;  0.000000; -2.500000;,
		-0.553655;  0.000000; -2.066270;,
		-0.000000;  0.000000; -2.139160;,
		-0.000000;  0.000000; -2.500000;,
		-0.647048;  0.000000; -2.414814;,
		-1.069580;  0.000000; -1.852567;,
		-0.553655;  0.000000; -2.066270;,
		-0.647048;  0.000000; -2.414814;,
		-1.250000;  0.000000; -2.165063;,
		-1.512615;  0.000000; -1.512614;,
		-1.069580;  0.000000; -1.852567;,
		-1.250000;  0.000000; -2.165063;,
		-1.767767;  0.000000; -1.767766;,
		-1.852567;  0.000000; -1.069580;,
		-1.512615;  0.000000; -1.512614;,
		-1.767767;  0.000000; -1.767766;,
		-2.165063;  0.000000; -1.250000;,
		-1.717726;  0.000000; -0.460263;,
		-1.540071;  0.000000; -0.889160;,
		-1.852567;  0.000000; -1.069580;,
		-2.066270;  0.000000; -0.553655;,
		-1.778320;  0.000000;  0.000000;,
		-1.717726;  0.000000; -0.460263;,
		-2.066270;  0.000000; -0.553655;,
		-2.139160;  0.000000;  0.000000;,
		-1.717726;  0.000000;  0.460263;,
		-1.778320;  0.000000;  0.000000;,
		-2.139160;  0.000000;  0.000000;,
		-2.066270;  0.000000;  0.553655;,
		-1.540070;  0.000000;  0.889160;,
		-1.717726;  0.000000;  0.460263;,
		-2.066270;  0.000000;  0.553655;,
		-1.852566;  0.000000;  1.069580;,
		-1.257462;  0.000000;  1.257463;,
		-1.540070;  0.000000;  0.889160;,
		-1.852566;  0.000000;  1.069580;,
		-1.512614;  0.000000;  1.512614;,
		-0.889160;  0.000000;  1.540070;,
		-1.257462;  0.000000;  1.257463;,
		-1.512614;  0.000000;  1.512614;,
		-1.069580;  0.000000;  1.852566;,
		-0.460263;  0.000000;  1.717725;,
		-0.889160;  0.000000;  1.540070;,
		-1.069580;  0.000000;  1.852566;,
		-0.553655;  0.000000;  2.066269;,
		 0.000000;  0.000000;  1.778320;,
		-0.460263;  0.000000;  1.717725;,
		-0.553655;  0.000000;  2.066269;,
		 0.000000;  0.000000;  2.139159;,
		 0.460263;  0.000000;  1.717725;,
		 0.000000;  0.000000;  1.778320;,
		 0.000000;  0.000000;  2.139159;,
		 0.553655;  0.000000;  2.066269;,
		 0.889160;  0.000000;  1.540070;,
		 0.460263;  0.000000;  1.717725;,
		 0.553655;  0.000000;  2.066269;,
		 1.069580;  0.000000;  1.852566;,
		 1.257462;  0.000000;  1.257462;,
		 0.889160;  0.000000;  1.540070;,
		 1.069580;  0.000000;  1.852566;,
		 1.512614;  0.000000;  1.512614;,
		 1.540070;  0.000000;  0.889160;,
		 1.257462;  0.000000;  1.257462;,
		 1.512614;  0.000000;  1.512614;,
		 1.852566;  0.000000;  1.069579;,
		 1.717725;  0.000000;  0.460263;,
		 1.540070;  0.000000;  0.889160;,
		 1.852566;  0.000000;  1.069579;,
		 2.066269;  0.000000;  0.553655;,
		 1.778321;  0.000000; -0.000000;,
		 1.717725;  0.000000;  0.460263;,
		 2.066269;  0.000000;  0.553655;,
		 2.139160;  0.000000; -0.000000;,
		 1.717726;  0.000000; -0.460263;,
		 1.778321;  0.000000; -0.000000;,
		 2.139160;  0.000000; -0.000000;,
		 2.066270;  0.000000; -0.553656;,
		 1.540071;  0.000000; -0.889160;,
		 1.717726;  0.000000; -0.460263;,
		 2.066270;  0.000000; -0.553656;,
		 1.852567;  0.000000; -1.069580;,
		 1.257463;  0.000000; -1.257463;,
		 1.540071;  0.000000; -0.889160;,
		 1.852567;  0.000000; -1.069580;,
		 1.512615;  0.000000; -1.512615;,
		 0.889160;  0.000000; -1.540071;,
		 1.257463;  0.000000; -1.257463;,
		 1.512615;  0.000000; -1.512615;,
		 1.069580;  0.000000; -1.852567;,
		 0.460263;  0.000000; -1.717726;,
		 0.889160;  0.000000; -1.540071;,
		 1.069580;  0.000000; -1.852567;,
