xof 0303txt 0032

AnimTicksPerSecond {
	30;
}
Material lambert1 {
	 1.000000; 1.000000; 1.000000; 1.000000;;
	 128.000000;
	 0.500000; 0.500000; 0.500000;;
	 0.000000; 0.000000; 0.000000;;
}
Material blinn1 {
	 1.000000; 1.000000; 1.000000; 1.000000;;
	 128.000000;
	 0.500000; 0.500000; 0.500000;;
	 0.000000; 0.000000; 0.000000;;
	TextureFileName {".\\Split_D.dds";}
}
Frame Split_ROOTSHJnt {
	FrameTransformMatrix {
		0.999520,0.030992,-0.000000,0.000000,-0.030992,0.999520,-0.000000,0.000000,-0.000000,-0.000000,1.000000,0.000000,-0.041243,1.277032,-0.000000,1.000000;;
	}
	Frame Split_l_FrontLeg_HipSHJnt {
		FrameTransformMatrix {
			0.651679,-0.237470,-0.720363,0.000000,0.200372,0.969887,-0.138459,0.000000,0.731550,-0.054110,0.679637,0.000000,0.995519,-0.944992,-2.493641,1.000000;;
		}
		Frame Split_l_FrontLeg_KneeSHJnt {
			FrameTransformMatrix {
				0.715894,0.000000,0.698209,0.000000,0.000000,1.000000,-0.000000,0.000000,-0.698209,-0.000000,0.715894,0.000000,0.374868,-0.000000,-0.000000,1.000000;;
			}
		}
	}
	Frame Split_r_FrontLeg_HipSHJnt {
		FrameTransformMatrix {
			-0.583906,-0.119362,-0.802998,0.000000,0.065228,-0.992832,0.100148,0.000000,-0.809196,0.006099,0.587507,0.000000,-0.995519,-0.944992,-2.493641,1.000000;;
		}
		Frame Split_r_FrontLeg_KneeSHJnt {
			FrameTransformMatrix {
				0.561763,0.000000,0.827298,0.000000,0.000000,1.000000,-0.000000,0.000000,-0.827298,-0.000000,0.561763,0.000000,0.371955,0.000000,0.000000,1.000000;;
			}
		}
	}
	Frame Split_l_MiddleLeg_HipSHJnt {
		FrameTransformMatrix {
			0.913662,-0.268537,-0.305139,0.000000,0.255297,0.963268,-0.083300,0.000000,0.316299,-0.001793,0.948658,0.000000,1.209977,-0.945000,-0.000000,1.000000;;
		}
		Frame Split_l_MiddleLeg_KneeSHJnt {
			FrameTransformMatrix {
				0.660022,0.000000,0.751246,0.000000,0.000000,1.000000,-0.000000,0.000000,-0.751246,-0.000000,0.660022,0.000000,0.468022,-0.000000,-0.000000,1.000000;;
			}
		}
	}
	Frame Split_r_MiddleLeg_HipSHJnt {
		FrameTransformMatrix {
			-0.919798,-0.100907,-0.379196,0.000000,0.092379,-0.994893,0.040671,0.000000,-0.381363,0.002380,0.924422,0.000000,-1.209977,-0.945000,-0.000000,1.000000;;
		}
		Frame Split_r_MiddleLeg_KneeSHJnt {
			FrameTransformMatrix {
				0.472716,0.000000,0.881215,0.000000,0.000000,1.000000,-0.000000,0.000000,-0.881215,-0.000000,0.472716,0.000000,0.468022,0.000000,0.000000,1.000000;;
			}
		}
	}
	Frame Split_l_BackLeg_HipSHJnt {
		FrameTransformMatrix {
			0.928456,-0.359741,0.092499,0.000000,0.371263,0.906501,-0.201046,0.000000,-0.011526,0.221004,0.975205,0.000000,1.056576,-0.945000,2.493561,1.000000;;
		}
		Frame Split_l_BackLeg_KneeSHJnt {
			FrameTransformMatrix {
				0.693153,0.000000,0.720790,0.000000,0.000000,1.000000,-0.000000,0.000000,-0.720790,-0.000000,0.693153,0.000000,0.373429,-0.000000,0.000000,1.000000;;
			}
		}
	}
	Frame Split_r_BackLeg_HipSHJnt {
		FrameTransformMatrix {
			-0.981770,-0.189379,0.016250,0.000000,0.189841,-0.972733,0.133236,0.000000,-0.009426,0.133892,0.990951,0.000000,-1.056576,-0.945000,2.493561,1.000000;;
		}
		Frame Split_r_BackLeg_KneeSHJnt {
			FrameTransformMatrix {
				0.539260,0.000000,0.842139,0.000000,0.000000,1.000000,-0.000000,0.000000,-0.842139,-0.000000,0.539260,0.000000,0.373429,0.000000,0.000000,1.000000;;
			}
		}
	}
	Frame Split_l_Claw_01_01SHJnt {
		FrameTransformMatrix {
			0.521005,-0.474254,-0.709674,0.000000,0.384921,0.872637,-0.300569,0.000000,0.761833,-0.116570,0.637198,0.000000,1.327657,0.713529,-2.822845,1.000000;;
		}
		Frame Split_l_Claw_01_02SHJnt {
			FrameTransformMatrix {
				0.988557,0.000000,-0.150851,0.000000,-0.000000,1.000000,-0.000000,0.000000,0.150851,0.000000,0.988557,0.000000,1.152901,-0.000000,0.005932,1.000000;;
			}
			Frame Split_l_Claw_01_03SHJnt {
				FrameTransformMatrix {
					0.953580,0.000000,-0.301140,0.000000,-0.000000,1.000000,-0.000000,0.000000,0.301140,0.000000,0.953580,0.000000,1.199114,0.000000,-0.176903,1.000000;;
				}
				Frame Split_l_Claw_01_04SHJnt {
					FrameTransformMatrix {
						0.955571,0.000000,-0.294760,0.000000,-0.000000,1.000000,-0.000000,0.000000,0.294760,0.000000,0.955571,0.000000,1.198252,0.000000,-0.178967,1.000000;;
					}
					Frame Split_l_Claw_01_05SHJnt {
						FrameTransformMatrix {
							0.948248,0.000000,-0.317530,0.000000,-0.000000,1.000000,-0.000000,0.000000,0.317530,0.000000,0.948248,0.000000,1.196978,0.000000,-0.189195,1.000000;;
						}
					}
				}
			}
		}
	}
	Frame Split_r_Claw_01_01SHJnt {
		FrameTransformMatrix {
			0.525440,0.459983,0.715771,0.000000,-0.376600,0.880100,-0.289130,0.000000,-0.762945,-0.117638,0.635670,0.000000,-1.327657,0.713529,-2.822845,1.000000;;
		}
		Frame Split_r_Claw_01_02SHJnt {
			FrameTransformMatrix {
				0.988557,0.000000,0.150851,0.000000,0.000000,1.000000,-0.000000,0.000000,-0.150851,-0.000000,0.988557,0.000000,-1.152901,0.000000,0.005932,1.000000;;
			}
			Frame Split_r_Claw_01_03SHJnt {
				FrameTransformMatrix {
					0.953580,0.000000,0.301140,0.000000,0.000000,1.000000,-0.000000,0.000000,-0.301140,-0.000000,0.953580,0.000000,-1.199114,0.000000,-0.176903,1.000000;;
				}
				Frame Split_r_Claw_01_04SHJnt {
					FrameTransformMatrix {
						0.955571,0.000000,0.294760,0.000000,0.000000,1.000000,-0.000000,0.000000,-0.294760,-0.000000,0.955571,0.000000,-1.198252,0.000000,-0.178967,1.000000;;
					}
					Frame Split_r_Claw_01_05SHJnt {
						FrameTransformMatrix {
							0.948248,0.000000,0.317530,0.000000,0.000000,1.000000,-0.000000,0.000000,-0.317530,-0.000000,0.948248,0.000000,-1.196978,0.000000,-0.189195,1.000000;;
						}
					}
				}
			}
		}
	}
	Frame Split_l_Antenna_01_01SHJnt {
		FrameTransformMatrix {
			0.342144,0.558935,0.755334,0.000000,0.380056,0.652845,-0.655249,0.000000,-0.859357,0.511259,0.010941,0.000000,1.111306,1.816838,-2.249751,1.000000;;
		}
		Frame Split_l_Antenna_01_02SHJnt {
			FrameTransformMatrix {
				0.925501,-0.365850,-0.097991,0.000000,0.363816,0.930674,-0.038521,0.000000,0.105291,-0.000000,0.994441,0.000000,0.648487,0.000000,-0.000000,1.000000;;
			}
			Frame Split_l_Antenna_01_03SHJnt {
				FrameTransformMatrix {
					0.974099,-0.001053,-0.226119,0.000000,-0.019007,0.996069,-0.086517,0.000000,0.225321,0.088574,0.970250,0.000000,0.778141,0.000000,0.000000,1.000000;;
				}
			}
		}
	}
	Frame Split_r_Antenna_01_01SHJnt {
		FrameTransformMatrix {
			0.106160,-0.638426,-0.762327,0.000000,-0.294140,0.712186,-0.637395,0.000000,0.949848,0.291897,-0.112180,0.000000,-1.111306,1.816838,-2.249751,1.000000;;
		}
		Frame Split_r_Antenna_01_02SHJnt {
			FrameTransformMatrix {
				0.907007,0.393935,-0.148839,0.000000,-0.388735,0.919139,0.063791,0.000000,0.161933,0.000000,0.986802,0.000000,-0.648487,0.000000,-0.000000,1.000000;;
			}
			Frame Split_r_Antenna_01_03SHJnt {
				FrameTransformMatrix {
					0.971368,0.056482,-0.230769,0.000000,-0.031304,0.993288,0.111349,0.000000,0.235510,-0.100937,0.966616,0.000000,-0.778141,0.000000,-0.000000,1.000000;;
				}
			}
		}
	}
	Frame Split_l_Pupil_AuxSHJnt {
		FrameTransformMatrix {
			1.000000,0.000000,-0.000000,0.000000,0.000000,-0.130240,-0.991483,0.000000,-0.000000,0.991483,-0.130240,0.000000,0.828035,1.304100,-2.860520,1.000000;;
		}
	}
	Frame Split_r_Pupil_AuxSHJnt {
		FrameTransformMatrix {
			1.000000,0.000000,-0.000000,0.000000,0.000000,-0.130240,-0.991483,0.000000,-0.000000,0.991483,-0.130240,0.000000,-0.828035,1.304100,-2.860520,1.000000;;
		}
	}
	Frame Split_l_UpperLidOpen_AuxSHJnt {
		FrameTransformMatrix {
			0.000760,-0.000644,0.000085,0.000000,0.000000,-0.000130,-0.000991,0.000000,0.000649,0.000754,-0.000099,0.000000,0.828035,1.433882,-2.856699,1.000000;;
		}
	}
	Frame Split_r_UpperLidOpen_AuxSHJnt {
		FrameTransformMatrix {
			0.000760,0.000644,-0.000085,0.000000,0.000000,-0.000130,-0.000991,0.000000,-0.000649,0.000754,-0.000099,0.000000,-0.828035,1.433882,-2.856699,1.000000;;
		}
	}
	Frame Split_l_UpperLidClosed_AuxSHJnt {
		FrameTransformMatrix {
			0.000760,-0.000644,0.000085,0.000000,0.000000,-0.000130,-0.000991,0.000000,0.000649,0.000754,-0.000099,0.000000,0.828035,1.433882,-2.856699,1.000000;;
		}
	}
	Frame Split_r_UpperLidClosed_AuxSHJnt {
		FrameTransformMatrix {
			0.000760,0.000644,-0.000085,0.000000,0.000000,-0.000130,-0.000991,0.000000,-0.000649,0.000754,-0.000099,0.000000,-0.828035,1.433882,-2.856699,1.000000;;
		}
	}
	Frame Split_l_LowerLidClosed_AuxSHJnt {
		FrameTransformMatrix {
			0.000760,-0.000644,0.000085,0.000000,0.000000,-0.000130,-0.000991,0.000000,0.000649,0.000754,-0.000099,0.000000,0.828035,1.433882,-2.856699,1.000000;;
		}
	}
	Frame Split_r_LowerLidClosed_AuxSHJnt {
		FrameTransformMatrix {
			0.000760,0.000644,-0.000085,0.000000,0.000000,-0.000130,-0.000991,0.000000,-0.000649,0.000754,-0.000099,0.000000,-0.828035,1.433882,-2.856699,1.000000;;
		}
	}
	Frame Split_l_LowerLidOpen_AuxSHJnt {
		FrameTransformMatrix {
			0.000760,-0.000644,0.000085,0.000000,0.000000,-0.000130,-0.000991,0.000000,0.000649,0.000754,-0.000099,0.000000,0.828035,1.433882,-2.856699,1.000000;;
		}
	}
	Frame Split_r_LowerLidOpen_AuxSHJnt {
		FrameTransformMatrix {
			0.000760,0.000644,-0.000085,0.000000,0.000000,-0.000130,-0.000991,0.000000,-0.000649,0.000754,-0.000099,0.000000,-0.828035,1.433882,-2.856699,1.000000;;
		}
	}
}
Frame SplitGeo {
	FrameTransformMatrix {
		1.000000,0.000000,-0.000000,0.000000,0.000000,1.000000,-0.000000,0.000000,-0.000000,-0.000000,1.000000,0.000000,0.000000,0.000000,-0.000000,1.000000;;
	}
	Mesh SplitGeo1Shape {
		11710;
		-0.662737;  3.391579; -2.884209;,
		-0.687424;  3.439617; -2.890519;,
		-0.687424;  3.436383; -2.915137;,
		-0.662737;  3.388345; -2.908827;,
		-0.687424;  3.439617; -2.890519;,
		-0.725875;  3.477741; -2.895527;,
		-0.725875;  3.474507; -2.920145;,
		-0.687424;  3.436383; -2.915137;,
		-0.725875;  3.477741; -2.895527;,
		-0.774327;  3.502218; -2.898743;,
		-0.774327;  3.498984; -2.923360;,
		-0.725875;  3.474507; -2.920145;,
		-0.774327;  3.502218; -2.898743;,
		-0.828035;  3.510652; -2.899851;,
		-0.828035;  3.507418; -2.924468;,
		-0.774327;  3.498984; -2.923360;,
		-0.828035;  3.510652; -2.899851;,
		-0.881744;  3.502218; -2.898743;,
		-0.881744;  3.498984; -2.923360;,
		-0.828035;  3.507418; -2.924468;,
		-0.881744;  3.502218; -2.898743;,
		-0.930196;  3.477741; -2.895527;,
		-0.930196;  3.474507; -2.920145;,
		-0.881744;  3.498984; -2.923360;,
		-0.930196;  3.477741; -2.895527;,
		-0.968647;  3.439617; -2.890519;,
		-0.968647;  3.436383; -2.915137;,
		-0.930196;  3.474507; -2.920145;,
		-0.968647;  3.439617; -2.890519;,
		-0.993334;  3.391578; -2.884209;,
		-0.993334;  3.388345; -2.908827;,
		-0.968647;  3.436383; -2.915137;,
		-0.993334;  3.391578; -2.884209;,
		-1.001841;  3.338327; -2.877214;,
		-1.001841;  3.335093; -2.901832;,
		-0.993334;  3.388345; -2.908827;,
		-1.001841;  3.338327; -2.877214;,
		-0.993334;  3.285076; -2.870219;,
		-0.993334;  3.281842; -2.894837;,
		-1.001841;  3.335093; -2.901832;,
		-0.993334;  3.285076; -2.870219;,
		-0.968647;  3.237037; -2.863909;,
		-0.968647;  3.233803; -2.888527;,
		-0.993334;  3.281842; -2.894837;,
		-0.968647;  3.237037; -2.863909;,
		-0.930196;  3.198913; -2.858901;,
		-0.930196;  3.195680; -2.883519;,
		-0.968647;  3.233803; -2.888527;,
		-0.930196;  3.198913; -2.858901;,
		-0.881744;  3.174437; -2.855686;,
		-0.881744;  3.171203; -2.880303;,
		-0.930196;  3.195680; -2.883519;,
		-0.881744;  3.174437; -2.855686;,
		-0.828035;  3.166002; -2.854578;,
		-0.828035;  3.162769; -2.879195;,
		-0.881744;  3.171203; -2.880303;,
		-0.828035;  3.166002; -2.854578;,
		-0.774327;  3.174437; -2.855686;,
		-0.774327;  3.171203; -2.880303;,
		-0.828035;  3.162769; -2.879195;,
		-0.774327;  3.174437; -2.855686;,
		-0.725875;  3.198913; -2.858901;,
		-0.725875;  3.195680; -2.883519;,
		-0.774327;  3.171203; -2.880303;,
		-0.725875;  3.198913; -2.858901;,
		-0.687424;  3.237037; -2.863909;,
		-0.687424;  3.233804; -2.888527;,
		-0.725875;  3.195680; -2.883519;,
		-0.687424;  3.237037; -2.863909;,
		-0.662737;  3.285076; -2.870219;,
		-0.662737;  3.281842; -2.894837;,
		-0.687424;  3.233804; -2.888527;,
		-0.662737;  3.285076; -2.870219;,
		-0.654230;  3.338327; -2.877214;,
		-0.654230;  3.335093; -2.901832;,
		-0.662737;  3.281842; -2.894837;,
		-0.654230;  3.338327; -2.877214;,
		-0.662737;  3.391579; -2.884209;,
		-0.662737;  3.388345; -2.908827;,
		-0.654230;  3.335093; -2.901832;,
		-0.662737;  3.388345; -2.908827;,
		-0.687424;  3.436383; -2.915137;,
		-0.828035;  3.335093; -2.901832;,
		-0.687424;  3.436383; -2.915137;,
		-0.725875;  3.474507; -2.920145;,
		-0.828035;  3.335093; -2.901832;,
		-0.725875;  3.474507; -2.920145;,
		-0.774327;  3.498984; -2.923360;,
		-0.828035;  3.335093; -2.901832;,
		-0.774327;  3.498984; -2.923360;,
		-0.828035;  3.507418; -2.924468;,
		-0.828035;  3.335093; -2.901832;,
		-0.828035;  3.507418; -2.924468;,
		-0.881744;  3.498984; -2.923360;,
		-0.828035;  3.335093; -2.901832;,
		-0.881744;  3.498984; -2.923360;,
		-0.930196;  3.474507; -2.920145;,
		-0.828035;  3.335093; -2.901832;,
		-0.930196;  3.474507; -2.920145;,
		-0.968647;  3.436383; -2.915137;,
		-0.828035;  3.335093; -2.901832;,
		-0.968647;  3.436383; -2.915137;,
		-0.993334;  3.388345; -2.908827;,
		-0.828035;  3.335093; -2.901832;,
		-0.993334;  3.388345; -2.908827;,
		-1.001841;  3.335093; -2.901832;,
		-0.828035;  3.335093; -2.901832;,
		-1.001841;  3.335093; -2.901832;,
		-0.993334;  3.281842; -2.894837;,
		-0.828035;  3.335093; -2.901832;,
		-0.993334;  3.281842; -2.894837;,
		-0.968647;  3.233803; -2.888527;,
		-0.828035;  3.335093; -2.901832;,
		-0.968647;  3.233803; -2.888527;,
		-0.930196;  3.195680; -2.883519;,
		-0.828035;  3.335093; -2.901832;,
		-0.930196;  3.195680; -2.883519;,
		-0.881744;  3.171203; -2.880303;,
		-0.828035;  3.335093; -2.901832;,
		-0.881744;  3.171203; -2.880303;,
		-0.828035;  3.162769; -2.879195;,
		-0.828035;  3.335093; -2.901832;,
		-0.828035;  3.162769; -2.879195;,
		-0.774327;  3.171203; -2.880303;,
		-0.828035;  3.335093; -2.901832;,
		-0.774327;  3.171203; -2.880303;,
		-0.725875;  3.195680; -2.883519;,
		-0.828035;  3.335093; -2.901832;,
		-0.725875;  3.195680; -2.883519;,
		-0.687424;  3.233804; -2.888527;,
		-0.828035;  3.335093; -2.901832;,
		-0.687424;  3.233804; -2.888527;,
		-0.662737;  3.281842; -2.894837;,
		-0.828035;  3.335093; -2.901832;,
		-0.662737;  3.281842; -2.894837;,
		-0.654230;  3.335093; -2.901832;,
		-0.828035;  3.335093; -2.901832;,
		-0.654230;  3.335093; -2.901832;,
		-0.662737;  3.388345; -2.908827;,
		-0.828035;  3.335093; -2.901832;,
		-0.513181;  3.445148; -2.849508;,
		-0.560204;  3.536650; -2.861528;,
		-0.560204;  3.531261; -2.902558;,
		-0.513181;  3.439758; -2.890538;,
		-0.560204;  3.536650; -2.861528;,
		-0.633445;  3.609267; -2.871067;,
		-0.633445;  3.603877; -2.912097;,
		-0.560204;  3.531261; -2.902558;,
		-0.633445;  3.609267; -2.871067;,
		-0.725733;  3.655890; -2.877191;,
		-0.725733;  3.650500; -2.918221;,
		-0.633445;  3.603877; -2.912097;,
		-0.725733;  3.655890; -2.877191;,
		-0.828035;  3.671955; -2.879301;,
		-0.828035;  3.666565; -2.920331;,
		-0.725733;  3.650500; -2.918221;,
		-0.828035;  3.671955; -2.879301;,
		-0.930338;  3.655890; -2.877191;,
		-0.930338;  3.650500; -2.918221;,
		-0.828035;  3.666565; -2.920331;,
		-0.930338;  3.655890; -2.877191;,
		-1.022626;  3.609267; -2.871067;,
		-1.022626;  3.603877; -2.912097;,
		-0.930338;  3.650500; -2.918221;,
		-1.022626;  3.609267; -2.871067;,
		-1.095867;  3.536650; -2.861528;,
		-1.095867;  3.531261; -2.902558;,
		-1.022626;  3.603877; -2.912097;,
		-1.095867;  3.536650; -2.861528;,
		-1.142890;  3.445148; -2.849508;,
		-1.142890;  3.439758; -2.890538;,
		-1.095867;  3.531261; -2.902558;,
		-1.142890;  3.445148; -2.849508;,
		-1.159093;  3.343717; -2.836184;,
		-1.159093;  3.338327; -2.877214;,
		-1.142890;  3.439758; -2.890538;,
		-1.159093;  3.343717; -2.836184;,
		-1.142890;  3.242286; -2.822860;,
		-1.142890;  3.236896; -2.863890;,
		-1.159093;  3.338327; -2.877214;,
		-1.142890;  3.242286; -2.822860;,
		-1.095867;  3.150783; -2.810841;,
		-1.095867;  3.145394; -2.851871;,
		-1.142890;  3.236896; -2.863890;,
		-1.095867;  3.150783; -2.810841;,
		-1.022626;  3.078167; -2.801302;,
		-1.022626;  3.072777; -2.842332;,
		-1.095867;  3.145394; -2.851871;,
		-1.022626;  3.078167; -2.801302;,
		-0.930338;  3.031544; -2.795178;,
		-0.930338;  3.026154; -2.836207;,
		-1.022626;  3.072777; -2.842332;,
		-0.930338;  3.031544; -2.795178;,
		-0.828035;  3.015479; -2.793067;,
		-0.828035;  3.010089; -2.834097;,
		-0.930338;  3.026154; -2.836207;,
		-0.828035;  3.015479; -2.793067;,
		-0.725733;  3.031544; -2.795178;,
		-0.725733;  3.026155; -2.836207;,
		-0.828035;  3.010089; -2.834097;,
		-0.725733;  3.031544; -2.795178;,
		-0.633445;  3.078167; -2.801302;,
		-0.633445;  3.072777; -2.842332;,
		-0.725733;  3.026155; -2.836207;,
		-0.633445;  3.078167; -2.801302;,
		-0.560204;  3.150784; -2.810841;,
		-0.560204;  3.145394; -2.851871;,
		-0.633445;  3.072777; -2.842332;,
		-0.560204;  3.150784; -2.810841;,
		-0.513181;  3.242286; -2.822860;,
		-0.513181;  3.236896; -2.863890;,
		-0.560204;  3.145394; -2.851871;,
		-0.513181;  3.242286; -2.822860;,
		-0.496978;  3.343717; -2.836184;,
		-0.496978;  3.338327; -2.877214;,
		-0.513181;  3.236896; -2.863890;,
		-0.496978;  3.343717; -2.836184;,
		-0.513181;  3.445148; -2.849508;,
		-0.513181;  3.439758; -2.890538;,
		-0.496978;  3.338327; -2.877214;,
		-0.560204;  3.536650; -2.861528;,
		-0.513181;  3.445148; -2.849508;,
		-0.828035;  3.343717; -2.836184;,
		-0.633445;  3.609267; -2.871067;,
		-0.560204;  3.536650; -2.861528;,
		-0.828035;  3.343717; -2.836184;,
		-0.725733;  3.655890; -2.877191;,
		-0.633445;  3.609267; -2.871067;,
		-0.828035;  3.343717; -2.836184;,
		-0.828035;  3.671955; -2.879301;,
		-0.725733;  3.655890; -2.877191;,
		-0.828035;  3.343717; -2.836184;,
		-0.930338;  3.655890; -2.877191;,
		-0.828035;  3.671955; -2.879301;,
		-0.828035;  3.343717; -2.836184;,
		-1.022626;  3.609267; -2.871067;,
		-0.930338;  3.655890; -2.877191;,
		-0.828035;  3.343717; -2.836184;,
		-1.095867;  3.536650; -2.861528;,
		-1.022626;  3.609267; -2.871067;,
		-0.828035;  3.343717; -2.836184;,
		-1.142890;  3.445148; -2.849508;,
		-1.095867;  3.536650; -2.861528;,
		-0.828035;  3.343717; -2.836184;,
		-1.159093;  3.343717; -2.836184;,
		-1.142890;  3.445148; -2.849508;,
		-0.828035;  3.343717; -2.836184;,
		-1.142890;  3.242286; -2.822860;,
		-1.159093;  3.343717; -2.836184;,
		-0.828035;  3.343717; -2.836184;,
		-1.095867;  3.150783; -2.810841;,
		-1.142890;  3.242286; -2.822860;,
		-0.828035;  3.343717; -2.836184;,
		-1.022626;  3.078167; -2.801302;,
		-1.095867;  3.150783; -2.810841;,
		-0.828035;  3.343717; -2.836184;,
		-0.930338;  3.031544; -2.795178;,
		-1.022626;  3.078167; -2.801302;,
		-0.828035;  3.343717; -2.836184;,
		-0.828035;  3.015479; -2.793067;,
		-0.930338;  3.031544; -2.795178;,
		-0.828035;  3.343717; -2.836184;,
		-0.725733;  3.031544; -2.795178;,
		-0.828035;  3.015479; -2.793067;,
		-0.828035;  3.343717; -2.836184;,
		-0.633445;  3.078167; -2.801302;,
		-0.725733;  3.031544; -2.795178;,
		-0.828035;  3.343717; -2.836184;,
		-0.560204;  3.150784; -2.810841;,
		-0.633445;  3.078167; -2.801302;,
		-0.828035;  3.343717; -2.836184;,
		-0.513181;  3.242286; -2.822860;,
		-0.560204;  3.150784; -2.810841;,
		-0.828035;  3.343717; -2.836184;,
		-0.496978;  3.343717; -2.836184;,
		-0.513181;  3.242286; -2.822860;,
		-0.828035;  3.343717; -2.836184;,
		-0.513181;  3.445148; -2.849508;,
		-0.496978;  3.343717; -2.836184;,
		-0.828035;  3.343717; -2.836184;,
		-0.513181;  3.439758; -2.890538;,
		-0.560204;  3.531261; -2.902558;,
		-0.828035;  3.338327; -2.877214;,
		-0.560204;  3.531261; -2.902558;,
		-0.633445;  3.603877; -2.912097;,
		-0.828035;  3.338327; -2.877214;,
		-0.633445;  3.603877; -2.912097;,
		-0.725733;  3.650500; -2.918221;,
		-0.828035;  3.338327; -2.877214;,
		-0.725733;  3.650500; -2.918221;,
		-0.828035;  3.666565; -2.920331;,
		-0.828035;  3.338327; -2.877214;,
		-0.828035;  3.666565; -2.920331;,
		-0.930338;  3.650500; -2.918221;,
		-0.828035;  3.338327; -2.877214;,
		-0.930338;  3.650500; -2.918221;,
		-1.022626;  3.603877; -2.912097;,
		-0.828035;  3.338327; -2.877214;,
		-1.022626;  3.603877; -2.912097;,
		-1.095867;  3.531261; -2.902558;,
		-0.828035;  3.338327; -2.877214;,
		-1.095867;  3.531261; -2.902558;,
		-1.142890;  3.439758; -2.890538;,
		-0.828035;  3.338327; -2.877214;,
		-1.142890;  3.439758; -2.890538;,
		-1.159093;  3.338327; -2.877214;,
		-0.828035;  3.338327; -2.877214;,
		-1.159093;  3.338327; -2.877214;,
		-1.142890;  3.236896; -2.863890;,
		-0.828035;  3.338327; -2.877214;,
		-1.142890;  3.236896; -2.863890;,
		-1.095867;  3.145394; -2.851871;,
		-0.828035;  3.338327; -2.877214;,
		-1.095867;  3.145394; -2.851871;,
		-1.022626;  3.072777; -2.842332;,
		-0.828035;  3.338327; -2.877214;,
		-1.022626;  3.072777; -2.842332;,
		-0.930338;  3.026154; -2.836207;,
		-0.828035;  3.338327; -2.877214;,
		-0.930338;  3.026154; -2.836207;,
		-0.828035;  3.010089; -2.834097;,
		-0.828035;  3.338327; -2.877214;,
		-0.828035;  3.010089; -2.834097;,
		-0.725733;  3.026155; -2.836207;,
		-0.828035;  3.338327; -2.877214;,
		-0.725733;  3.026155; -2.836207;,
		-0.633445;  3.072777; -2.842332;,
		-0.828035;  3.338327; -2.877214;,
		-0.633445;  3.072777; -2.842332;,
		-0.560204;  3.145394; -2.851871;,
		-0.828035;  3.338327; -2.877214;,
		-0.560204;  3.145394; -2.851871;,
		-0.513181;  3.236896; -2.863890;,
		-0.828035;  3.338327; -2.877214;,
		-0.513181;  3.236896; -2.863890;,
		-0.496978;  3.338327; -2.877214;,
		-0.828035;  3.338327; -2.877214;,
		-0.496978;  3.338327; -2.877214;,
		-0.513181;  3.439758; -2.890538;,
		-0.828035;  3.338327; -2.877214;,
		-0.546813;  3.547644; -2.852538;,
		-0.623715;  3.623892; -2.862553;,
		-0.623715;  3.613705; -2.940101;,
		-0.546813;  3.537458; -2.930085;,
		-0.623715;  3.623892; -2.862553;,
		-0.720618;  3.672846; -2.868984;,
		-0.720618;  3.662659; -2.946532;,
		-0.623715;  3.613705; -2.940101;,
		-0.720618;  3.672846; -2.868984;,
		-0.828035;  3.689714; -2.871200;,
		-0.828035;  3.679528; -2.948747;,
		-0.720618;  3.662659; -2.946532;,
		-0.828035;  3.689714; -2.871200;,
		-0.935453;  3.672846; -2.868984;,
		-0.935453;  3.662659; -2.946532;,
		-0.828035;  3.679528; -2.948747;,
		-0.935453;  3.672846; -2.868984;,
		-1.032356;  3.623892; -2.862553;,
		-1.032356;  3.613705; -2.940101;,
		-0.935453;  3.662659; -2.946532;,
		-1.032356;  3.623892; -2.862553;,
		-1.109258;  3.547644; -2.852538;,
		-1.109258;  3.537458; -2.930085;,
		-1.032356;  3.613705; -2.940101;,
		-1.109258;  3.547644; -2.852538;,
		-1.157558;  3.453659; -2.840192;,
		-1.157558;  3.443472; -2.917739;,
		-1.109258;  3.537458; -2.930085;,
		-0.546813;  3.547644; -2.852538;,
		-0.498513;  3.453659; -2.840192;,
		-0.828035;  3.453659; -2.840192;,
		-0.623715;  3.623892; -2.862553;,
		-0.546813;  3.547644; -2.852538;,
		-0.828035;  3.453659; -2.840192;,
		-0.720618;  3.672846; -2.868984;,
		-0.623715;  3.623892; -2.862553;,
		-0.828035;  3.453659; -2.840192;,
		-0.828035;  3.689714; -2.871200;,
		-0.720618;  3.672846; -2.868984;,
		-0.828035;  3.453659; -2.840192;,
		-0.935453;  3.672846; -2.868984;,
		-0.828035;  3.689714; -2.871200;,
		-0.828035;  3.453659; -2.840192;,
		-1.032356;  3.623892; -2.862553;,
		-0.935453;  3.672846; -2.868984;,
		-0.828035;  3.453659; -2.840192;,
		-1.109258;  3.547644; -2.852538;,
		-1.032356;  3.623892; -2.862553;,
		-0.828035;  3.453659; -2.840192;,
		-0.558864;  3.526837; -2.943714;,
		-0.515025;  3.441532; -2.932509;,
		-0.498513;  3.443472; -2.917739;,
		-0.546813;  3.537458; -2.930085;,
		-0.632471;  3.599817; -2.953301;,
		-0.558864;  3.526837; -2.943714;,
		-0.546813;  3.537458; -2.930085;,
		-0.623715;  3.613705; -2.940101;,
		-0.725221;  3.646673; -2.959456;,
		-0.632471;  3.599817; -2.953301;,
		-0.623715;  3.613705; -2.940101;,
		-0.720618;  3.662659; -2.946532;,
		-0.828035;  3.662818; -2.961576;,
		-0.725221;  3.646673; -2.959456;,
		-0.720618;  3.662659; -2.946532;,
		-0.828035;  3.679528; -2.948747;,
		-0.930850;  3.646673; -2.959456;,
		-0.828035;  3.662818; -2.961576;,
		-0.828035;  3.679528; -2.948747;,
		-0.935453;  3.662659; -2.946532;,
		-1.023600;  3.599817; -2.953301;,
		-0.930850;  3.646673; -2.959456;,
		-0.935453;  3.662659; -2.946532;,
		-1.032356;  3.613705; -2.940101;,
		-1.097207;  3.526836; -2.943714;,
		-1.023600;  3.599817; -2.953301;,
		-1.032356;  3.613705; -2.940101;,
		-1.109258;  3.537458; -2.930085;,
		-0.600892;  3.495691; -2.946365;,
		-0.572612;  3.440661; -2.939137;,
		-0.515025;  3.441532; -2.932509;,
		-0.558864;  3.526837; -2.943714;,
		-0.663006;  3.557276; -2.954455;,
		-0.600892;  3.495691; -2.946365;,
		-0.558864;  3.526837; -2.943714;,
		-0.632471;  3.599817; -2.953301;,
		-0.741274;  3.596816; -2.959649;,
		-0.663006;  3.557276; -2.954455;,
		-0.632471;  3.599817; -2.953301;,
		-0.725221;  3.646673; -2.959456;,
		-0.828035;  3.610440; -2.961439;,
		-0.741274;  3.596816; -2.959649;,
		-0.725221;  3.646673; -2.959456;,
		-0.828035;  3.662818; -2.961576;,
		-0.914797;  3.596816; -2.959649;,
		-0.828035;  3.610440; -2.961439;,
		-0.828035;  3.662818; -2.961576;,
		-0.930850;  3.646673; -2.959456;,
		-0.993065;  3.557276; -2.954455;,
		-0.914797;  3.596816; -2.959649;,
		-0.930850;  3.646673; -2.959456;,
		-1.023600;  3.599817; -2.953301;,
		-1.055179;  3.495691; -2.946365;,
		-0.993065;  3.557276; -2.954455;,
		-1.023600;  3.599817; -2.953301;,
		-1.097207;  3.526836; -2.943714;,
		-0.600892;  3.495691; -2.946365;,
		-0.663006;  3.557276; -2.954455;,
		-0.828035;  3.440371; -2.941350;,
		-0.663006;  3.557276; -2.954455;,
		-0.741274;  3.596816; -2.959649;,
		-0.828035;  3.440371; -2.941350;,
		-0.741274;  3.596816; -2.959649;,
		-0.828035;  3.610440; -2.961439;,
		-0.828035;  3.440371; -2.941350;,
		-0.828035;  3.610440; -2.961439;,
		-0.914797;  3.596816; -2.959649;,
		-0.828035;  3.440371; -2.941350;,
		-0.914797;  3.596816; -2.959649;,
		-0.993065;  3.557276; -2.954455;,
		-0.828035;  3.440371; -2.941350;,
		-0.993065;  3.557276; -2.954455;,
		-1.055179;  3.495691; -2.946365;,
		-0.828035;  3.440371; -2.941350;,
		-1.055179;  3.495691; -2.946365;,
		-1.083459;  3.440661; -2.939137;,
		-0.828035;  3.440371; -2.941350;,
		-0.498513;  3.443472; -2.917739;,
		-0.498513;  3.453659; -2.840192;,
		-0.546813;  3.547644; -2.852538;,
		-0.546813;  3.537458; -2.930085;,
		-0.828035;  3.453659; -2.840192;,
		-1.157558;  3.453659; -2.840192;,
		-1.109258;  3.547644; -2.852538;,
		-1.157558;  3.443472; -2.917739;,
		-1.141045;  3.441532; -2.932509;,
		-1.097207;  3.526836; -2.943714;,
		-1.109258;  3.537458; -2.930085;,
		-1.141045;  3.441532; -2.932509;,
		-1.083459;  3.440661; -2.939137;,
		-1.055179;  3.495691; -2.946365;,
		-1.097207;  3.526836; -2.943714;,
		-0.828035;  3.440371; -2.941350;,
		-0.572612;  3.440661; -2.939137;,
		-0.600892;  3.495691; -2.946365;,
		-1.157558;  3.453659; -2.840192;,
		-0.828035;  3.453659; -2.840192;,
		-0.828035;  3.440371; -2.941350;,
		-1.083459;  3.440661; -2.939137;,
		-0.828035;  3.453659; -2.840192;,
		-0.498513;  3.453659; -2.840192;,
		-0.572612;  3.440661; -2.939137;,
		-0.828035;  3.440371; -2.941350;,
		-0.498513;  3.443472; -2.917739;,
		-0.515025;  3.441532; -2.932509;,
		-0.572612;  3.440661; -2.939137;,
		-0.498513;  3.453659; -2.840192;,
		-1.157558;  3.443472; -2.917739;,
		-1.157558;  3.453659; -2.840192;,
		-1.083459;  3.440661; -2.939137;,
		-1.141045;  3.441532; -2.932509;,
		-0.497438;  3.451567; -2.839917;,
		-0.546813;  3.547644; -2.852538;,
		-0.546813;  3.537458; -2.930085;,
		-0.497438;  3.441380; -2.917465;,
		-0.546813;  3.547644; -2.852538;,
		-0.623715;  3.623892; -2.862553;,
		-0.623715;  3.613705; -2.940101;,
		-0.546813;  3.537458; -2.930085;,
		-0.623715;  3.623892; -2.862553;,
		-0.720618;  3.672846; -2.868984;,
		-0.720618;  3.662659; -2.946532;,
		-0.623715;  3.613705; -2.940101;,
		-0.720618;  3.672846; -2.868984;,
		-0.828035;  3.689714; -2.871200;,
		-0.828035;  3.679528; -2.948747;,
		-0.720618;  3.662659; -2.946532;,
		-0.828035;  3.689714; -2.871200;,
		-0.935453;  3.672846; -2.868984;,
		-0.935453;  3.662659; -2.946532;,
		-0.828035;  3.679528; -2.948747;,
		-0.935453;  3.672846; -2.868984;,
		-1.032356;  3.623892; -2.862553;,
		-1.032356;  3.613705; -2.940101;,
		-0.935453;  3.662659; -2.946532;,
		-1.032356;  3.623892; -2.862553;,
		-1.109258;  3.547644; -2.852538;,
		-1.109258;  3.537458; -2.930085;,
		-1.032356;  3.613705; -2.940101;,
		-1.109258;  3.547644; -2.852538;,
		-1.158633;  3.451567; -2.839917;,
		-1.158633;  3.441380; -2.917465;,
		-1.109258;  3.537458; -2.930085;,
		-1.158633;  3.451567; -2.839917;,
		-1.175646;  3.345064; -2.825927;,
		-1.175646;  3.334878; -2.903475;,
		-1.158633;  3.441380; -2.917465;,
		-0.480425;  3.345064; -2.825927;,
		-0.497438;  3.451567; -2.839917;,
		-0.497438;  3.441380; -2.917465;,
		-0.480425;  3.334878; -2.903475;,
		-0.546813;  3.547644; -2.852538;,
		-0.497438;  3.451567; -2.839917;,
		-0.828035;  3.345064; -2.825927;,
		-0.623715;  3.623892; -2.862553;,
		-0.546813;  3.547644; -2.852538;,
		-0.828035;  3.345064; -2.825927;,
		-0.720618;  3.672846; -2.868984;,
		-0.623715;  3.623892; -2.862553;,
		-0.828035;  3.345064; -2.825927;,
		-0.828035;  3.689714; -2.871200;,
		-0.720618;  3.672846; -2.868984;,
		-0.828035;  3.345064; -2.825927;,
		-0.935453;  3.672846; -2.868984;,
		-0.828035;  3.689714; -2.871200;,
		-0.828035;  3.345064; -2.825927;,
		-1.032356;  3.623892; -2.862553;,
		-0.935453;  3.672846; -2.868984;,
		-0.828035;  3.345064; -2.825927;,
		-1.109258;  3.547644; -2.852538;,
		-1.032356;  3.623892; -2.862553;,
		-0.828035;  3.345064; -2.825927;,
		-1.158633;  3.451567; -2.839917;,
		-1.109258;  3.547644; -2.852538;,
		-0.828035;  3.345064; -2.825927;,
		-1.175646;  3.345064; -2.825927;,
		-1.158633;  3.451567; -2.839917;,
		-0.828035;  3.345064; -2.825927;,
		-0.497438;  3.451567; -2.839917;,
		-0.480425;  3.345064; -2.825927;,
		-0.828035;  3.345064; -2.825927;,
		-0.480425;  3.334878; -2.903475;,
		-0.497438;  3.441380; -2.917465;,
		-0.511605;  3.434876; -2.931634;,
		-0.495321;  3.332937; -2.918244;,
		-0.558864;  3.526837; -2.943714;,
		-0.511605;  3.434876; -2.931634;,
		-0.497438;  3.441380; -2.917465;,
		-0.546813;  3.537458; -2.930085;,
		-0.632471;  3.599817; -2.953301;,
		-0.558864;  3.526837; -2.943714;,
		-0.546813;  3.537458; -2.930085;,
		-0.623715;  3.613705; -2.940101;,
		-0.725221;  3.646673; -2.959456;,
		-0.632471;  3.599817; -2.953301;,
		-0.623715;  3.613705; -2.940101;,
		-0.720618;  3.662659; -2.946532;,
		-0.828035;  3.662818; -2.961576;,
		-0.725221;  3.646673; -2.959456;,
		-0.720618;  3.662659; -2.946532;,
		-0.828035;  3.679528; -2.948747;,
		-0.930850;  3.646673; -2.959456;,
		-0.828035;  3.662818; -2.961576;,
		-0.828035;  3.679528; -2.948747;,
		-0.935453;  3.662659; -2.946532;,
		-1.023600;  3.599817; -2.953301;,
		-0.930850;  3.646673; -2.959456;,
		-0.935453;  3.662659; -2.946532;,
		-1.032356;  3.613705; -2.940101;,
		-1.097207;  3.526837; -2.943714;,
		-1.023600;  3.599817; -2.953301;,
		-1.032356;  3.613705; -2.940101;,
		-1.109258;  3.537458; -2.930085;,
		-1.144466;  3.434876; -2.931634;,
		-1.097207;  3.526837; -2.943714;,
		-1.109258;  3.537458; -2.930085;,
		-1.158633;  3.441380; -2.917465;,
		-1.160750;  3.332937; -2.918244;,
		-1.144466;  3.434876; -2.931634;,
		-1.158633;  3.441380; -2.917465;,
		-1.175646;  3.334878; -2.903475;,
		-0.561012;  3.418089; -2.936172;,
		-0.547271;  3.332067; -2.924872;,
		-0.495321;  3.332937; -2.918244;,
		-0.511605;  3.434876; -2.931634;,
		-0.600892;  3.495691; -2.946365;,
		-0.561012;  3.418089; -2.936172;,
		-0.511605;  3.434876; -2.931634;,
		-0.558864;  3.526837; -2.943714;,
		-0.663006;  3.557276; -2.954455;,
		-0.600892;  3.495691; -2.946365;,
		-0.558864;  3.526837; -2.943714;,
		-0.632471;  3.599817; -2.953301;,
		-0.741274;  3.596816; -2.959649;,
		-0.663006;  3.557276; -2.954455;,
		-0.632471;  3.599817; -2.953301;,
		-0.725221;  3.646673; -2.959456;,
		-0.828035;  3.610441; -2.961439;,
		-0.741274;  3.596816; -2.959649;,
		-0.725221;  3.646673; -2.959456;,
		-0.828035;  3.662818; -2.961576;,
		-0.914797;  3.596816; -2.959649;,
		-0.828035;  3.610441; -2.961439;,
		-0.828035;  3.662818; -2.961576;,
		-0.930850;  3.646673; -2.959456;,
		-0.993065;  3.557276; -2.954455;,
		-0.914797;  3.596816; -2.959649;,
		-0.930850;  3.646673; -2.959456;,
		-1.023600;  3.599817; -2.953301;,
		-1.055179;  3.495691; -2.946365;,
		-0.993065;  3.557276; -2.954455;,
		-1.023600;  3.599817; -2.953301;,
		-1.097207;  3.526837; -2.943714;,
		-1.095059;  3.418089; -2.936172;,
		-1.055179;  3.495691; -2.946365;,
		-1.097207;  3.526837; -2.943714;,
		-1.144466;  3.434876; -2.931634;,
		-1.108800;  3.332067; -2.924872;,
		-1.095059;  3.418089; -2.936172;,
		-1.144466;  3.434876; -2.931634;,
		-1.160750;  3.332937; -2.918244;,
		-0.561012;  3.418089; -2.936172;,
		-0.600892;  3.495691; -2.946365;,
		-0.828035;  3.331590; -2.928501;,
		-0.600892;  3.495691; -2.946365;,
		-0.663006;  3.557276; -2.954455;,
		-0.828035;  3.331590; -2.928501;,
		-0.663006;  3.557276; -2.954455;,
		-0.741274;  3.596816; -2.959649;,
		-0.828035;  3.331590; -2.928501;,
		-0.741274;  3.596816; -2.959649;,
		-0.828035;  3.610441; -2.961439;,
		-0.828035;  3.331590; -2.928501;,
		-0.828035;  3.610441; -2.961439;,
		-0.914797;  3.596816; -2.959649;,
		-0.828035;  3.331590; -2.928501;,
		-0.914797;  3.596816; -2.959649;,
		-0.993065;  3.557276; -2.954455;,
		-0.828035;  3.331590; -2.928501;,
		-0.993065;  3.557276; -2.954455;,
		-1.055179;  3.495691; -2.946365;,
		-0.828035;  3.331590; -2.928501;,
		-1.055179;  3.495691; -2.946365;,
		-1.095059;  3.418089; -2.936172;,
		-0.828035;  3.331590; -2.928501;,
		-1.095059;  3.418089; -2.936172;,
		-1.108800;  3.332067; -2.924872;,
		-0.828035;  3.331590; -2.928501;,
		-0.547271;  3.332067; -2.924872;,
		-0.561012;  3.418089; -2.936172;,
		-0.828035;  3.331590; -2.928501;,
		-1.175646;  3.345064; -2.825927;,
		-0.828035;  3.345064; -2.825927;,
		-0.828035;  3.331590; -2.928501;,
		-1.108800;  3.332067; -2.924872;,
		-0.828035;  3.345064; -2.825927;,
		-0.480425;  3.345064; -2.825927;,
		-0.547271;  3.332067; -2.924872;,
		-0.828035;  3.331590; -2.928501;,
		-1.175646;  3.334878; -2.903475;,
		-1.175646;  3.345064; -2.825927;,
		-1.108800;  3.332067; -2.924872;,
		-1.160750;  3.332937; -2.918244;,
		-0.480425;  3.334878; -2.903475;,
		-0.495321;  3.332937; -2.918244;,
		-0.547271;  3.332067; -2.924872;,
		-0.480425;  3.345064; -2.825927;,
		-1.109258;  3.142484; -2.799316;,
		-1.032356;  3.066236; -2.789300;,
		-1.032356;  3.056050; -2.866848;,
		-1.109258;  3.132298; -2.876864;,
		-1.032356;  3.066236; -2.789300;,
		-0.935452;  3.017282; -2.782870;,
		-0.935452;  3.007096; -2.860418;,
		-1.032356;  3.056050; -2.866848;,
		-0.935452;  3.017282; -2.782870;,
		-0.828035;  3.000414; -2.780654;,
		-0.828035;  2.990228; -2.858202;,
		-0.935452;  3.007096; -2.860418;,
		-0.828035;  3.000414; -2.780654;,
		-0.720618;  3.017282; -2.782870;,
		-0.720618;  3.007096; -2.860418;,
		-0.828035;  2.990228; -2.858202;,
		-0.720618;  3.017282; -2.782870;,
		-0.623715;  3.066236; -2.789300;,
		-0.623715;  3.056050; -2.866848;,
		-0.720618;  3.007096; -2.860418;,
		-0.623715;  3.066236; -2.789300;,
		-0.546813;  3.142484; -2.799316;,
		-0.546813;  3.132298; -2.876864;,
		-0.623715;  3.056050; -2.866848;,
		-0.546813;  3.142484; -2.799316;,
		-0.498513;  3.236470; -2.811662;,
		-0.498513;  3.226283; -2.889210;,
		-0.546813;  3.132298; -2.876864;,
		-1.109258;  3.142484; -2.799316;,
		-1.157558;  3.236470; -2.811662;,
		-0.828035;  3.236470; -2.811662;,
		-1.032356;  3.066236; -2.789300;,
		-1.109258;  3.142484; -2.799316;,
		-0.828035;  3.236470; -2.811662;,
		-0.935452;  3.017282; -2.782870;,
		-1.032356;  3.066236; -2.789300;,
		-0.828035;  3.236470; -2.811662;,
		-0.828035;  3.000414; -2.780654;,
		-0.935452;  3.017282; -2.782870;,
		-0.828035;  3.236470; -2.811662;,
		-0.720618;  3.017282; -2.782870;,
		-0.828035;  3.000414; -2.780654;,
		-0.828035;  3.236470; -2.811662;,
		-0.623715;  3.066236; -2.789300;,
		-0.720618;  3.017282; -2.782870;,
		-0.828035;  3.236470; -2.811662;,
		-0.546813;  3.142484; -2.799316;,
		-0.623715;  3.066236; -2.789300;,
		-0.828035;  3.236470; -2.811662;,
		-1.097207;  3.139039; -2.892773;,
		-1.141046;  3.224343; -2.903979;,
		-1.157558;  3.226283; -2.889210;,
		-1.109258;  3.132298; -2.876864;,
		-1.023600;  3.066058; -2.883187;,
		-1.097207;  3.139039; -2.892773;,
		-1.109258;  3.132298; -2.876864;,
		-1.032356;  3.056050; -2.866848;,
		-0.930850;  3.019202; -2.877032;,
		-1.023600;  3.066058; -2.883187;,
		-1.032356;  3.056050; -2.866848;,
		-0.935452;  3.007096; -2.860418;,
		-0.828035;  3.003057; -2.874911;,
		-0.930850;  3.019202; -2.877032;,
		-0.935452;  3.007096; -2.860418;,
		-0.828035;  2.990228; -2.858202;,
		-0.725221;  3.019202; -2.877032;,
		-0.828035;  3.003057; -2.874911;,
		-0.828035;  2.990228; -2.858202;,
		-0.720618;  3.007096; -2.860418;,
		-0.632471;  3.066059; -2.883187;,
		-0.725221;  3.019202; -2.877032;,
		-0.720618;  3.007096; -2.860418;,
		-0.623715;  3.056050; -2.866848;,
		-0.558864;  3.139039; -2.892773;,
		-0.632471;  3.066059; -2.883187;,
		-0.623715;  3.056050; -2.866848;,
		-0.546813;  3.132298; -2.876864;,
		-1.055179;  3.168443; -2.903378;,
		-1.083459;  3.223472; -2.910607;,
		-1.141046;  3.224343; -2.903979;,
		-1.097207;  3.139039; -2.892773;,
		-0.993065;  3.106858; -2.895289;,
		-1.055179;  3.168443; -2.903378;,
		-1.097207;  3.139039; -2.892773;,
		-1.023600;  3.066058; -2.883187;,
		-0.914797;  3.067318; -2.890095;,
		-0.993065;  3.106858; -2.895289;,
		-1.023600;  3.066058; -2.883187;,
		-0.930850;  3.019202; -2.877032;,
		-0.828035;  3.053693; -2.888305;,
		-0.914797;  3.067318; -2.890095;,
		-0.930850;  3.019202; -2.877032;,
		-0.828035;  3.003057; -2.874911;,
		-0.741274;  3.067318; -2.890095;,
		-0.828035;  3.053693; -2.888305;,
		-0.828035;  3.003057; -2.874911;,
		-0.725221;  3.019202; -2.877032;,
		-0.663006;  3.106858; -2.895289;,
		-0.741274;  3.067318; -2.890095;,
		-0.725221;  3.019202; -2.877032;,
		-0.632471;  3.066059; -2.883187;,
		-0.600892;  3.168443; -2.903378;,
		-0.663006;  3.106858; -2.895289;,
		-0.632471;  3.066059; -2.883187;,
		-0.558864;  3.139039; -2.892773;,
		-1.055179;  3.168443; -2.903378;,
		-0.993065;  3.106858; -2.895289;,
		-0.828035;  3.223182; -2.912821;,
		-0.993065;  3.106858; -2.895289;,
		-0.914797;  3.067318; -2.890095;,
		-0.828035;  3.223182; -2.912821;,
		-0.914797;  3.067318; -2.890095;,
		-0.828035;  3.053693; -2.888305;,
		-0.828035;  3.223182; -2.912821;,
		-0.828035;  3.053693; -2.888305;,
		-0.741274;  3.067318; -2.890095;,
		-0.828035;  3.223182; -2.912821;,
		-0.741274;  3.067318; -2.890095;,
		-0.663006;  3.106858; -2.895289;,
		-0.828035;  3.223182; -2.912821;,
		-0.663006;  3.106858; -2.895289;,
		-0.600892;  3.168443; -2.903378;,
		-0.828035;  3.223182; -2.912821;,
		-0.600892;  3.168443; -2.903378;,
		-0.572612;  3.223472; -2.910607;,
		-0.828035;  3.223182; -2.912821;,
		-1.157558;  3.226283; -2.889210;,
		-1.157558;  3.236470; -2.811662;,
		-1.109258;  3.142484; -2.799316;,
		-1.109258;  3.132298; -2.876864;,
		-0.828035;  3.236470; -2.811662;,
		-0.498513;  3.236470; -2.811662;,
		-0.546813;  3.142484; -2.799316;,
		-0.498513;  3.226283; -2.889210;,
		-0.515026;  3.224343; -2.903979;,
		-0.558864;  3.139039; -2.892773;,
		-0.546813;  3.132298; -2.876864;,
		-0.515026;  3.224343; -2.903979;,
		-0.572612;  3.223472; -2.910607;,
		-0.600892;  3.168443; -2.903378;,
		-0.558864;  3.139039; -2.892773;,
		-0.828035;  3.223182; -2.912821;,
		-1.083459;  3.223472; -2.910607;,
		-1.055179;  3.168443; -2.903378;,
		-0.498513;  3.236470; -2.811662;,
		-0.828035;  3.236470; -2.811662;,
		-0.828035;  3.223182; -2.912821;,
		-0.572612;  3.223472; -2.910607;,
		-0.828035;  3.236470; -2.811662;,
		-1.157558;  3.236470; -2.811662;,
		-1.083459;  3.223472; -2.910607;,
		-0.828035;  3.223182; -2.912821;,
		-1.157558;  3.226283; -2.889210;,
		-1.141046;  3.224343; -2.903979;,
