xof 0303txt 0032

AnimTicksPerSecond {
	30;
}
Material lambert1 {
	 1.000000; 1.000000; 1.000000; 1.000000;;
	 128.000000;
	 0.500000; 0.500000; 0.500000;;
	 0.000000; 0.000000; 0.000000;;
}
Material blinn1 {
	 1.000000; 1.000000; 1.000000; 1.000000;;
	 128.000000;
	 0.500000; 0.500000; 0.500000;;
	 0.000000; 0.000000; 0.000000;;
	TextureFileName {".\\Mac_D.dds";}
}
Frame Mac_ROOTSHJnt {
	FrameTransformMatrix {
		1.000000,0.000000,-0.000000,0.000000,0.000000,0.999876,-0.015763,0.000000,-0.000000,0.015763,0.999876,0.000000,0.000000,1.002303,-0.133485,1.000000;;
	}
	Frame Mac_Head_AuxSHJnt {
		FrameTransformMatrix {
			1.000000,0.000000,0.000000,0.000000,-0.000000,0.994709,0.102728,0.000000,-0.000000,-0.102728,0.994709,0.000000,0.000000,0.047925,-0.389832,1.000000;;
		}
		Frame Mac_l_Claw_ClavicleSHJnt {
			FrameTransformMatrix {
				1.000000,0.000000,-0.000000,0.000000,0.000000,1.000000,-0.000000,0.000000,-0.000000,-0.000000,1.000000,0.000000,0.400000,-0.547185,-1.041300,1.000000;;
			}
			Frame Mac_l_Claw_ShoulderSHJnt {
				FrameTransformMatrix {
					0.806909,0.195949,-0.557226,0.000000,0.039193,0.923531,0.381516,0.000000,0.589373,-0.329688,0.737526,0.000000,1.083652,-0.056236,-0.010808,1.000000;;
				}
				Frame Mac_l_Claw_ElbowSHJnt {
					FrameTransformMatrix {
						0.537485,0.000000,-0.843274,0.000000,-0.000000,1.000000,-0.000000,0.000000,0.843274,0.000000,0.537485,0.000000,1.098026,0.000000,0.000000,1.000000;;
					}
					Frame Mac_l_Claw_WristSHJnt {
						FrameTransformMatrix {
							0.921437,-0.381516,0.073485,0.000000,0.383337,0.923531,-0.011963,0.000000,-0.063302,0.039193,0.997225,0.000000,4.196139,0.000000,-0.000000,1.000000;;
						}
					}
				}
			}
		}
		Frame Mac_r_Claw_ClavicleSHJnt {
			FrameTransformMatrix {
				1.000000,0.000000,-0.000000,0.000000,0.000000,1.000000,-0.000000,0.000000,-0.000000,-0.000000,1.000000,0.000000,-0.400000,-0.547185,-1.041300,1.000000;;
			}
			Frame Mac_r_Claw_ShoulderSHJnt {
				FrameTransformMatrix {
					0.806909,-0.195949,0.557226,0.000000,-0.039193,0.923531,0.381516,0.000000,-0.589373,-0.329688,0.737526,0.000000,-1.083652,-0.056236,-0.010808,1.000000;;
				}
				Frame Mac_r_Claw_ElbowSHJnt {
					FrameTransformMatrix {
						0.537485,0.000000,0.843274,0.000000,0.000000,1.000000,-0.000000,0.000000,-0.843274,-0.000000,0.537485,0.000000,-1.098026,0.000000,0.000000,1.000000;;
					}
					Frame Mac_r_Claw_WristSHJnt {
						FrameTransformMatrix {
							0.921437,0.381516,-0.073485,0.000000,-0.383337,0.923531,-0.011963,0.000000,0.063302,0.039193,0.997225,0.000000,-4.196139,0.000000,-0.000000,1.000000;;
						}
					}
				}
			}
		}
		Frame Mac_l_Pupil_AuxSHJnt {
			FrameTransformMatrix {
				0.707946,-0.706221,-0.008095,0.000000,0.508300,0.517432,-0.688401,0.000000,0.490351,0.483235,0.725286,0.000000,0.510471,-0.157193,-2.997813,1.000000;;
			}
		}
		Frame Mac_r_Pupil_AuxSHJnt {
			FrameTransformMatrix {
				0.708180,0.705989,0.007747,0.000000,-0.508300,0.517432,-0.688401,0.000000,-0.490012,0.483574,0.725289,0.000000,-0.510529,-0.157251,-2.997814,1.000000;;
			}
		}
		Frame Mac_l_UpperLidOpen_AuxSHJnt {
			FrameTransformMatrix {
				0.860977,-0.287955,0.419287,0.000000,0.508300,0.517432,-0.688401,0.000000,-0.018724,0.805820,0.591864,0.000000,0.580752,-0.088391,-2.853805,1.000000;;
			}
		}
		Frame Mac_r_UpperLidOpen_AuxSHJnt {
			FrameTransformMatrix {
				0.860977,0.287955,-0.419287,0.000000,-0.508300,0.517432,-0.688401,0.000000,0.018724,0.805820,0.591864,0.000000,-0.580752,-0.088391,-2.853805,1.000000;;
			}
		}
		Frame Mac_l_UpperLidClosed_AuxSHJnt {
			FrameTransformMatrix {
				0.000861,-0.000288,0.000419,0.000000,0.000508,0.000517,-0.000688,0.000000,-0.000019,0.000806,0.000592,0.000000,0.580752,-0.088391,-2.853805,1.000000;;
			}
		}
		Frame Mac_r_UpperLidClosed_AuxSHJnt {
			FrameTransformMatrix {
				0.000861,0.000288,-0.000419,0.000000,-0.000508,0.000517,-0.000688,0.000000,0.000019,0.000806,0.000592,0.000000,-0.580752,-0.088391,-2.853805,1.000000;;
			}
		}
		Frame Mac_l_LowerLidClosed_AuxSHJnt {
			FrameTransformMatrix {
				0.000861,-0.000288,0.000419,0.000000,0.000508,0.000517,-0.000688,0.000000,-0.000019,0.000806,0.000592,0.000000,0.580752,-0.088391,-2.853805,1.000000;;
			}
		}
		Frame Mac_r_LowerLidClosed_AuxSHJnt {
			FrameTransformMatrix {
				0.000861,0.000288,-0.000419,0.000000,-0.000508,0.000517,-0.000688,0.000000,0.000019,0.000806,0.000592,0.000000,-0.580752,-0.088391,-2.853805,1.000000;;
			}
		}
		Frame Mac_l_LowerLidOpen_AuxSHJnt {
			FrameTransformMatrix {
				0.000861,-0.000288,0.000419,0.000000,0.000508,0.000517,-0.000688,0.000000,-0.000019,0.000806,0.000592,0.000000,0.580752,-0.088391,-2.853805,1.000000;;
			}
		}
		Frame Mac_r_LowerLidOpen_AuxSHJnt {
			FrameTransformMatrix {
				0.000861,0.000288,-0.000419,0.000000,-0.000508,0.000517,-0.000688,0.000000,0.000019,0.000806,0.000592,0.000000,-0.580752,-0.088391,-2.853805,1.000000;;
			}
		}
	}
	Frame Mac_Tail_AuxSHJnt {
		FrameTransformMatrix {
			1.000000,0.000000,-0.000000,0.000000,0.000000,0.999849,-0.017350,0.000000,-0.000000,0.017350,0.999849,0.000000,0.000000,-0.171974,1.163498,1.000000;;
		}
		Frame Mac_TailTip_AuxSHJnt {
			FrameTransformMatrix {
				1.000000,0.000000,-0.000000,0.000000,0.000000,0.999433,-0.033684,0.000000,-0.000000,0.033684,0.999433,0.000000,0.000000,-0.321298,1.742447,1.000000;;
			}
		}
	}
	Frame Mac_l_FrontLeg_HipSHJnt {
		FrameTransformMatrix {
			0.763187,0.635996,-0.114261,0.000000,0.204983,-0.070592,0.976217,0.000000,0.612804,-0.768457,-0.184243,0.000000,1.598758,-0.867919,-0.832412,1.000000;;
		}
		Frame Mac_l_FrontLeg_KneeSHJnt {
			FrameTransformMatrix {
				0.042137,0.000000,0.999112,0.000000,0.000000,1.000000,-0.000000,0.000000,-0.999112,-0.000000,0.042137,0.000000,1.120805,-0.000000,-0.000000,1.000000;;
			}
			Frame Mac_l_FrontLeg_AnkleSHJnt {
				FrameTransformMatrix {
					0.748808,0.000000,0.662787,0.000000,0.662787,0.000000,-0.748808,0.000000,-0.000000,1.000000,0.000000,0.000000,1.118611,-0.000000,-0.000000,1.000000;;
				}
			}
		}
	}
	Frame Mac_r_FrontLeg_HipSHJnt {
		FrameTransformMatrix {
			-0.763187,0.635996,-0.114261,0.000000,0.204983,0.070592,-0.976217,0.000000,-0.612804,-0.768457,-0.184243,0.000000,-1.598758,-0.867919,-0.832412,1.000000;;
		}
		Frame Mac_r_FrontLeg_KneeSHJnt {
			FrameTransformMatrix {
				0.042137,0.000000,0.999112,0.000000,0.000000,1.000000,-0.000000,0.000000,-0.999112,-0.000000,0.042137,0.000000,1.120805,0.000000,0.000000,1.000000;;
			}
			Frame Mac_r_FrontLeg_AnkleSHJnt {
				FrameTransformMatrix {
					0.748808,-0.000000,0.662787,0.000000,-0.662787,0.000000,0.748808,0.000000,-0.000000,-1.000000,0.000000,0.000000,1.118611,0.000000,-0.000000,1.000000;;
				}
			}
		}
	}
	Frame Mac_l_MidLeg_HipSHJnt {
		FrameTransformMatrix {
			0.880278,0.467340,0.081873,0.000000,-0.110089,0.033336,0.993363,0.000000,0.461509,-0.883449,0.080794,0.000000,1.495004,-0.805583,-0.000000,1.000000;;
		}
		Frame Mac_l_MidLeg_KneeSHJnt {
			FrameTransformMatrix {
				0.365509,0.000000,0.930808,0.000000,0.000000,1.000000,-0.000000,0.000000,-0.930808,-0.000000,0.365509,0.000000,1.118611,-0.000000,-0.000000,1.000000;;
			}
			Frame Mac_l_MidLeg_AnkleSHJnt {
				FrameTransformMatrix {
					0.652603,-0.000000,0.757700,0.000000,0.757700,0.000000,-0.652603,0.000000,-0.000000,1.000000,0.000000,0.000000,1.109584,-0.000000,-0.000000,1.000000;;
				}
			}
		}
	}
	Frame Mac_r_MidLeg_HipSHJnt {
		FrameTransformMatrix {
			-0.880278,0.467340,0.081873,0.000000,-0.110089,-0.033336,-0.993363,0.000000,-0.461509,-0.883449,0.080794,0.000000,-1.495004,-0.805583,-0.000000,1.000000;;
		}
		Frame Mac_r_MidLeg_KneeSHJnt {
			FrameTransformMatrix {
				0.365509,0.000000,0.930808,0.000000,0.000000,1.000000,-0.000000,0.000000,-0.930808,-0.000000,0.365509,0.000000,1.118611,0.000000,-0.000000,1.000000;;
			}
			Frame Mac_r_MidLeg_AnkleSHJnt {
				FrameTransformMatrix {
					0.652603,0.000000,0.757700,0.000000,-0.757700,0.000000,0.652603,0.000000,-0.000000,-1.000000,0.000000,0.000000,1.109584,0.000000,0.000000,1.000000;;
				}
			}
		}
	}
	Frame Mac_l_BackLeg_HipSHJnt {
		FrameTransformMatrix {
			0.681064,0.667437,0.301130,0.000000,-0.521116,0.152917,0.839675,0.000000,0.514382,-0.728796,0.451959,0.000000,1.534472,-0.910939,0.742470,1.000000;;
		}
		Frame Mac_l_BackLeg_KneeSHJnt {
			FrameTransformMatrix {
				-0.067930,0.000000,0.997690,0.000000,0.000000,1.000000,-0.000000,0.000000,-0.997690,-0.000000,-0.067930,0.000000,1.121904,-0.000000,-0.000000,1.000000;;
			}
			Frame Mac_l_BackLeg_AnkleSHJnt {
				FrameTransformMatrix {
					0.805593,0.000000,0.592469,0.000000,0.592469,0.000000,-0.805593,0.000000,-0.000000,1.000000,0.000000,0.000000,1.119707,-0.000000,-0.000000,1.000000;;
				}
			}
		}
	}
	Frame Mac_r_BackLeg_HipSHJnt {
		FrameTransformMatrix {
			-0.681064,0.667437,0.301130,0.000000,-0.521116,-0.152917,-0.839675,0.000000,-0.514382,-0.728796,0.451959,0.000000,-1.534472,-0.910939,0.742470,1.000000;;
		}
		Frame Mac_r_BackLeg_KneeSHJnt {
			FrameTransformMatrix {
				-0.067930,0.000000,0.997690,0.000000,0.000000,1.000000,-0.000000,0.000000,-0.997690,-0.000000,-0.067930,0.000000,1.121904,0.000000,-0.000000,1.000000;;
			}
			Frame Mac_r_BackLeg_AnkleSHJnt {
				FrameTransformMatrix {
					0.805593,-0.000000,0.592469,0.000000,-0.592469,0.000000,0.805593,0.000000,-0.000000,-1.000000,0.000000,0.000000,1.119707,0.000000,0.000000,1.000000;;
				}
			}
		}
	}
}
Frame MacGeo1 {
	FrameTransformMatrix {
		1.000000,0.000000,-0.000000,0.000000,0.000000,1.000000,-0.000000,0.000000,-0.000000,-0.000000,1.000000,0.000000,0.000000,0.000000,-0.000000,1.000000;;
	}
	Mesh MacGeo1Shape {
		23936;
		 3.075793;  0.088789; -0.979953;,
		 3.098550;  0.093316; -0.893358;,
		 3.116049;  0.210131; -0.921185;,
		 3.101501;  0.204104; -0.979953;,
		 1.798602;  0.204105; -0.979953;,
		 1.784055;  0.210132; -0.921185;,
		 1.801552;  0.093316; -0.893358;,
		 1.824310;  0.088789; -0.979953;,
		 3.098550;  0.093316; -0.893358;,
		 3.160455;  0.105630; -0.830239;,
		 3.155550;  0.226494; -0.878429;,
		 3.116049;  0.210131; -0.921185;,
		 1.784055;  0.210132; -0.921185;,
		 1.744552;  0.226493; -0.878429;,
		 1.739647;  0.105630; -0.830239;,
		 1.801552;  0.093316; -0.893358;,
		 3.160455;  0.105630; -0.830239;,
		 3.244651;  0.122377; -0.807237;,
		 3.209174;  0.248705; -0.862876;,
		 3.155550;  0.226494; -0.878429;,
		 1.744552;  0.226493; -0.878429;,
		 1.690928;  0.248705; -0.862876;,
		 1.655451;  0.122377; -0.807237;,
		 1.739647;  0.105630; -0.830239;,
		 3.244651;  0.122377; -0.807237;,
		 3.328846;  0.139125; -0.830239;,
		 3.262798;  0.270916; -0.878429;,
		 3.209174;  0.248705; -0.862876;,
		 1.690928;  0.248705; -0.862876;,
		 1.637303;  0.270916; -0.878429;,
		 1.571255;  0.139124; -0.830239;,
		 1.655451;  0.122377; -0.807237;,
		 3.328846;  0.139125; -0.830239;,
		 3.390753;  0.151439; -0.893358;,
		 3.302300;  0.287279; -0.921185;,
		 3.262798;  0.270916; -0.878429;,
		 1.637303;  0.270916; -0.878429;,
		 1.597803;  0.287280; -0.921185;,
		 1.509349;  0.151438; -0.893358;,
		 1.571255;  0.139124; -0.830239;,
		 3.390753;  0.151439; -0.893358;,
		 3.413510;  0.155965; -0.979953;,
		 3.316848;  0.293306; -0.979953;,
		 3.302300;  0.287279; -0.921185;,
		 1.597803;  0.287280; -0.921185;,
		 1.583254;  0.293306; -0.979953;,
		 1.486592;  0.155965; -0.979953;,
		 1.509349;  0.151438; -0.893358;,
		 3.413510;  0.155965; -0.979953;,
		 3.390753;  0.151439; -1.066548;,
		 3.302300;  0.287280; -1.038721;,
		 3.316848;  0.293306; -0.979953;,
		 1.583254;  0.293306; -0.979953;,
		 1.597802;  0.287280; -1.038721;,
		 1.509350;  0.151439; -1.066549;,
		 1.486592;  0.155965; -0.979953;,
		 3.390753;  0.151439; -1.066548;,
		 3.328846;  0.139125; -1.129667;,
		 3.262799;  0.270917; -1.081478;,
		 3.302300;  0.287280; -1.038721;,
		 1.597802;  0.287280; -1.038721;,
		 1.637304;  0.270917; -1.081478;,
		 1.571255;  0.139124; -1.129667;,
		 1.509350;  0.151439; -1.066549;,
		 3.328846;  0.139125; -1.129667;,
		 3.244651;  0.122377; -1.152669;,
		 3.209174;  0.248705; -1.097030;,
		 3.262799;  0.270917; -1.081478;,
		 1.637304;  0.270917; -1.081478;,
		 1.690928;  0.248705; -1.097030;,
		 1.655451;  0.122377; -1.152669;,
		 1.571255;  0.139124; -1.129667;,
		 3.244651;  0.122377; -1.152669;,
		 3.160456;  0.105630; -1.129667;,
		 3.155550;  0.226493; -1.081478;,
		 3.209174;  0.248705; -1.097030;,
		 1.690928;  0.248705; -1.097030;,
		 1.744552;  0.226493; -1.081478;,
		 1.739647;  0.105630; -1.129667;,
		 1.655451;  0.122377; -1.152669;,
		 3.160456;  0.105630; -1.129667;,
		 3.098550;  0.093316; -1.066548;,
		 3.116048;  0.210132; -1.038721;,
		 3.155550;  0.226493; -1.081478;,
		 1.744552;  0.226493; -1.081478;,
		 1.784055;  0.210132; -1.038721;,
		 1.801552;  0.093316; -1.066549;,
		 1.739647;  0.105630; -1.129667;,
		 3.098550;  0.093316; -1.066548;,
		 3.075793;  0.088789; -0.979953;,
		 3.101501;  0.204104; -0.979953;,
		 3.116048;  0.210132; -1.038721;,
		 1.784055;  0.210132; -1.038721;,
		 1.798602;  0.204105; -0.979953;,
		 1.824310;  0.088789; -0.979953;,
		 1.801552;  0.093316; -1.066549;,
		 2.643825;  0.432132; -0.979953;,
		 2.548836;  0.460946; -0.979953;,
		 2.556777;  0.500867; -0.828047;,
		 2.659401;  0.469736; -0.828047;,
		 2.731367;  0.385339; -0.979953;,
		 2.643825;  0.432132; -0.979953;,
		 2.659401;  0.469736; -0.828047;,
		 2.753980;  0.419183; -0.828047;,
		 2.808098;  0.322368; -0.979953;,
		 2.731367;  0.385339; -0.979953;,
		 2.753980;  0.419183; -0.828047;,
		 2.836879;  0.351149; -0.828047;,
		 2.871069;  0.245637; -0.979953;,
		 2.808098;  0.322368; -0.979953;,
		 2.836879;  0.351149; -0.828047;,
		 2.904913;  0.268250; -0.828047;,
		 2.917862;  0.158095; -0.979953;,
		 2.871069;  0.245637; -0.979953;,
		 2.904913;  0.268250; -0.828047;,
		 2.955467;  0.173671; -0.828047;,
		 2.946676;  0.063106; -0.979953;,
		 2.917862;  0.158095; -0.979953;,
		 2.955467;  0.173671; -0.828047;,
		 2.986598;  0.071047; -0.828047;,
		 1.982241;  0.158095; -0.979953;,
		 1.953426;  0.063106; -0.979953;,
		 1.913505;  0.071047; -0.828047;,
		 1.944636;  0.173671; -0.828047;,
		 2.029033;  0.245637; -0.979953;,
		 1.982241;  0.158095; -0.979953;,
		 1.944636;  0.173671; -0.828047;,
		 1.995189;  0.268250; -0.828047;,
		 2.092005;  0.322368; -0.979953;,
		 2.029033;  0.245637; -0.979953;,
		 1.995189;  0.268250; -0.828047;,
		 2.063223;  0.351150; -0.828047;,
		 2.168736;  0.385340; -0.979953;,
		 2.092005;  0.322368; -0.979953;,
		 2.063223;  0.351150; -0.828047;,
		 2.146122;  0.419183; -0.828047;,
		 2.256278;  0.432132; -0.979953;,
		 2.168736;  0.385340; -0.979953;,
		 2.146122;  0.419183; -0.828047;,
		 2.240701;  0.469737; -0.828047;,
		 2.351266;  0.460947; -0.979953;,
		 2.256278;  0.432132; -0.979953;,
		 2.240701;  0.469737; -0.828047;,
		 2.343326;  0.500868; -0.828047;,
		 2.450052;  0.470676; -0.979953;,
		 2.351266;  0.460947; -0.979953;,
		 2.343326;  0.500868; -0.828047;,
		 2.450052;  0.511379; -0.828047;,
		 2.548836;  0.460946; -0.979953;,
		 2.450052;  0.470676; -0.979953;,
		 2.450052;  0.511379; -0.828047;,
		 2.556777;  0.500867; -0.828047;,
		 2.659401;  0.469736; -0.828047;,
		 2.556777;  0.500867; -0.828047;,
		 2.578471;  0.609933; -0.716843;,
		 2.701957;  0.572475; -0.716843;,
		 2.753980;  0.419183; -0.828047;,
		 2.659401;  0.469736; -0.828047;,
		 2.701957;  0.572475; -0.716843;,
		 2.815761;  0.511645; -0.716843;,
		 2.836879;  0.351149; -0.828047;,
		 2.753980;  0.419183; -0.828047;,
		 2.815761;  0.511645; -0.716843;,
		 2.915512;  0.429782; -0.716843;,
		 2.904913;  0.268250; -0.828047;,
		 2.836879;  0.351149; -0.828047;,
		 2.915512;  0.429782; -0.716843;,
		 2.997375;  0.330031; -0.716843;,
		 2.955467;  0.173671; -0.828047;,
		 2.904913;  0.268250; -0.828047;,
		 2.997375;  0.330031; -0.716843;,
		 3.058205;  0.216227; -0.716843;,
		 2.986598;  0.071047; -0.828047;,
		 2.955467;  0.173671; -0.828047;,
		 3.058205;  0.216227; -0.716843;,
		 3.095664;  0.092742; -0.716843;,
		 1.944636;  0.173671; -0.828047;,
		 1.913505;  0.071047; -0.828047;,
		 1.804438;  0.092741; -0.716843;,
		 1.841897;  0.216227; -0.716843;,
		 1.995189;  0.268250; -0.828047;,
		 1.944636;  0.173671; -0.828047;,
		 1.841897;  0.216227; -0.716843;,
		 1.902727;  0.330031; -0.716843;,
		 2.063223;  0.351150; -0.828047;,
		 1.995189;  0.268250; -0.828047;,
		 1.902727;  0.330031; -0.716843;,
		 1.984590;  0.429782; -0.716843;,
		 2.146122;  0.419183; -0.828047;,
		 2.063223;  0.351150; -0.828047;,
		 1.984590;  0.429782; -0.716843;,
		 2.084341;  0.511645; -0.716843;,
		 2.240701;  0.469737; -0.828047;,
		 2.146122;  0.419183; -0.828047;,
		 2.084341;  0.511645; -0.716843;,
		 2.198146;  0.572475; -0.716843;,
		 2.343326;  0.500868; -0.828047;,
		 2.240701;  0.469737; -0.828047;,
		 2.198146;  0.572475; -0.716843;,
		 2.321631;  0.609934; -0.716843;,
		 2.450052;  0.511379; -0.828047;,
		 2.343326;  0.500868; -0.828047;,
		 2.321631;  0.609934; -0.716843;,
		 2.450052;  0.622582; -0.716843;,
		 2.556777;  0.500867; -0.828047;,
		 2.450052;  0.511379; -0.828047;,
		 2.450052;  0.622582; -0.716843;,
		 2.578471;  0.609933; -0.716843;,
		 2.701957;  0.572475; -0.716843;,
		 2.578471;  0.609933; -0.716843;,
		 2.608107;  0.758921; -0.676140;,
		 2.760088;  0.712818; -0.676140;,
		 2.815761;  0.511645; -0.716843;,
		 2.701957;  0.572475; -0.716843;,
		 2.760088;  0.712818; -0.676140;,
		 2.900156;  0.637950; -0.676140;,
		 2.915512;  0.429782; -0.716843;,
		 2.815761;  0.511645; -0.716843;,
		 2.900156;  0.637950; -0.676140;,
		 3.022926;  0.537196; -0.676140;,
		 2.997375;  0.330031; -0.716843;,
		 2.915512;  0.429782; -0.716843;,
		 3.022926;  0.537196; -0.676140;,
		 3.123680;  0.414426; -0.676140;,
		 3.058205;  0.216227; -0.716843;,
		 2.997375;  0.330031; -0.716843;,
		 3.123680;  0.414426; -0.676140;,
		 3.198548;  0.274359; -0.676140;,
		 3.095664;  0.092742; -0.716843;,
		 3.058205;  0.216227; -0.716843;,
		 3.198548;  0.274359; -0.676140;,
		 3.244651;  0.122377; -0.676140;,
		 1.841897;  0.216227; -0.716843;,
		 1.804438;  0.092741; -0.716843;,
		 1.655451;  0.122377; -0.676140;,
		 1.701554;  0.274359; -0.676140;,
		 1.902727;  0.330031; -0.716843;,
		 1.841897;  0.216227; -0.716843;,
		 1.701554;  0.274359; -0.676140;,
		 1.776422;  0.414426; -0.676140;,
		 1.984590;  0.429782; -0.716843;,
		 1.902727;  0.330031; -0.716843;,
		 1.776422;  0.414426; -0.676140;,
		 1.877176;  0.537196; -0.676140;,
		 2.084341;  0.511645; -0.716843;,
		 1.984590;  0.429782; -0.716843;,
		 1.877176;  0.537196; -0.676140;,
		 1.999946;  0.637951; -0.676140;,
		 2.198146;  0.572475; -0.716843;,
		 2.084341;  0.511645; -0.716843;,
		 1.999946;  0.637951; -0.676140;,
		 2.140014;  0.712819; -0.676140;,
		 2.321631;  0.609934; -0.716843;,
		 2.198146;  0.572475; -0.716843;,
		 2.140014;  0.712819; -0.676140;,
		 2.291996;  0.758922; -0.676140;,
		 2.450052;  0.622582; -0.716843;,
		 2.321631;  0.609934; -0.716843;,
		 2.291996;  0.758922; -0.676140;,
		 2.450052;  0.774489; -0.676140;,
		 2.578471;  0.609933; -0.716843;,
		 2.450052;  0.622582; -0.716843;,
		 2.450052;  0.774489; -0.676140;,
		 2.608107;  0.758921; -0.676140;,
		 2.760088;  0.712818; -0.676140;,
		 2.608107;  0.758921; -0.676140;,
		 2.637742;  0.907908; -0.716843;,
		 2.818221;  0.853161; -0.716843;,
		 2.900156;  0.637950; -0.676140;,
		 2.760088;  0.712818; -0.676140;,
		 2.818221;  0.853161; -0.716843;,
		 2.984550;  0.764256; -0.716843;,
		 3.022926;  0.537196; -0.676140;,
		 2.900156;  0.637950; -0.676140;,
		 2.984550;  0.764256; -0.716843;,
		 3.130340;  0.644610; -0.716843;,
		 3.123680;  0.414426; -0.676140;,
		 3.022926;  0.537196; -0.676140;,
		 3.130340;  0.644610; -0.716843;,
		 3.249986;  0.498821; -0.716843;,
		 3.198548;  0.274359; -0.676140;,
		 3.123680;  0.414426; -0.676140;,
		 3.249986;  0.498821; -0.716843;,
		 3.338891;  0.332491; -0.716843;,
		 3.244651;  0.122377; -0.676140;,
		 3.198548;  0.274359; -0.676140;,
		 3.338891;  0.332491; -0.716843;,
		 3.393639;  0.152013; -0.716843;,
		 1.701554;  0.274359; -0.676140;,
		 1.655451;  0.122377; -0.676140;,
		 1.506463;  0.152012; -0.716843;,
		 1.561211;  0.332491; -0.716843;,
		 1.776422;  0.414426; -0.676140;,
		 1.701554;  0.274359; -0.676140;,
		 1.561211;  0.332491; -0.716843;,
		 1.650116;  0.498821; -0.716843;,
		 1.877176;  0.537196; -0.676140;,
		 1.776422;  0.414426; -0.676140;,
		 1.650116;  0.498821; -0.716843;,
		 1.769762;  0.644610; -0.716843;,
		 1.999946;  0.637951; -0.676140;,
		 1.877176;  0.537196; -0.676140;,
		 1.769762;  0.644610; -0.716843;,
		 1.915552;  0.764257; -0.716843;,
		 2.140014;  0.712819; -0.676140;,
		 1.999946;  0.637951; -0.676140;,
		 1.915552;  0.764257; -0.716843;,
		 2.081882;  0.853162; -0.716843;,
		 2.291996;  0.758922; -0.676140;,
		 2.140014;  0.712819; -0.676140;,
		 2.081882;  0.853162; -0.716843;,
		 2.262360;  0.907909; -0.716843;,
		 2.450052;  0.774489; -0.676140;,
		 2.291996;  0.758922; -0.676140;,
		 2.262360;  0.907909; -0.716843;,
		 2.450051;  0.926395; -0.716843;,
		 2.608107;  0.758921; -0.676140;,
		 2.450052;  0.774489; -0.676140;,
		 2.450051;  0.926395; -0.716843;,
		 2.637742;  0.907908; -0.716843;,
		 2.818221;  0.853161; -0.716843;,
		 2.637742;  0.907908; -0.716843;,
		 2.659437;  1.016975; -0.828047;,
		 2.860776;  0.955899; -0.828047;,
		 2.984550;  0.764256; -0.716843;,
		 2.818221;  0.853161; -0.716843;,
		 2.860776;  0.955899; -0.828047;,
		 3.046331;  0.856718; -0.828047;,
		 3.130340;  0.644610; -0.716843;,
		 2.984550;  0.764256; -0.716843;,
		 3.046331;  0.856718; -0.828047;,
		 3.208972;  0.723243; -0.828047;,
		 3.249986;  0.498821; -0.716843;,
		 3.130340;  0.644610; -0.716843;,
		 3.208972;  0.723243; -0.828047;,
		 3.342448;  0.560602; -0.828047;,
		 3.338891;  0.332491; -0.716843;,
		 3.249986;  0.498821; -0.716843;,
		 3.342448;  0.560602; -0.828047;,
		 3.441629;  0.375047; -0.828047;,
		 3.393639;  0.152013; -0.716843;,
		 3.338891;  0.332491; -0.716843;,
		 3.441629;  0.375047; -0.828047;,
		 3.502705;  0.173707; -0.828047;,
		 1.561211;  0.332491; -0.716843;,
		 1.506463;  0.152012; -0.716843;,
		 1.397397;  0.173707; -0.828047;,
		 1.458472;  0.375046; -0.828047;,
		 1.650116;  0.498821; -0.716843;,
		 1.561211;  0.332491; -0.716843;,
		 1.458472;  0.375046; -0.828047;,
		 1.557654;  0.560602; -0.828047;,
		 1.769762;  0.644610; -0.716843;,
		 1.650116;  0.498821; -0.716843;,
		 1.557654;  0.560602; -0.828047;,
		 1.691130;  0.723243; -0.828047;,
		 1.915552;  0.764257; -0.716843;,
		 1.769762;  0.644610; -0.716843;,
		 1.691130;  0.723243; -0.828047;,
		 1.853770;  0.856719; -0.828047;,
		 2.081882;  0.853162; -0.716843;,
		 1.915552;  0.764257; -0.716843;,
		 1.853770;  0.856719; -0.828047;,
		 2.039326;  0.955900; -0.828047;,
		 2.262360;  0.907909; -0.716843;,
		 2.081882;  0.853162; -0.716843;,
		 2.039326;  0.955900; -0.828047;,
		 2.240665;  1.016976; -0.828047;,
		 2.450051;  0.926395; -0.716843;,
		 2.262360;  0.907909; -0.716843;,
		 2.240665;  1.016976; -0.828047;,
		 2.450051;  1.037599; -0.828047;,
		 2.637742;  0.907908; -0.716843;,
		 2.450051;  0.926395; -0.716843;,
		 2.450051;  1.037599; -0.828047;,
		 2.659437;  1.016975; -0.828047;,
		 2.860776;  0.955899; -0.828047;,
		 2.659437;  1.016975; -0.828047;,
		 2.667377;  1.056896; -0.979953;,
		 2.876353;  0.993504; -0.979953;,
		 3.046331;  0.856718; -0.828047;,
		 2.860776;  0.955899; -0.828047;,
		 2.876353;  0.993504; -0.979953;,
		 3.068945;  0.890562; -0.979953;,
		 3.208972;  0.723243; -0.828047;,
		 3.046331;  0.856718; -0.828047;,
		 3.068945;  0.890562; -0.979953;,
		 3.237754;  0.752024; -0.979953;,
		 3.342448;  0.560602; -0.828047;,
		 3.208972;  0.723243; -0.828047;,
		 3.237754;  0.752024; -0.979953;,
		 3.376292;  0.583215; -0.979953;,
		 3.441629;  0.375047; -0.828047;,
		 3.342448;  0.560602; -0.828047;,
		 3.376292;  0.583215; -0.979953;,
		 3.479234;  0.390623; -0.979953;,
		 3.502705;  0.173707; -0.828047;,
		 3.441629;  0.375047; -0.828047;,
		 3.479234;  0.390623; -0.979953;,
		 3.542626;  0.181648; -0.979953;,
		 1.458472;  0.375046; -0.828047;,
		 1.397397;  0.173707; -0.828047;,
		 1.357476;  0.181648; -0.979953;,
		 1.420868;  0.390623; -0.979953;,
		 1.557654;  0.560602; -0.828047;,
		 1.458472;  0.375046; -0.828047;,
		 1.420868;  0.390623; -0.979953;,
		 1.523810;  0.583215; -0.979953;,
		 1.691130;  0.723243; -0.828047;,
		 1.557654;  0.560602; -0.828047;,
		 1.523810;  0.583215; -0.979953;,
		 1.662348;  0.752024; -0.979953;,
		 1.853770;  0.856719; -0.828047;,
		 1.691130;  0.723243; -0.828047;,
		 1.662348;  0.752024; -0.979953;,
		 1.831157;  0.890562; -0.979953;,
		 2.039326;  0.955900; -0.828047;,
		 1.853770;  0.856719; -0.828047;,
		 1.831157;  0.890562; -0.979953;,
		 2.023749;  0.993505; -0.979953;,
		 2.240665;  1.016976; -0.828047;,
		 2.039326;  0.955900; -0.828047;,
		 2.023749;  0.993505; -0.979953;,
		 2.232725;  1.056897; -0.979953;,
		 2.450051;  1.037599; -0.828047;,
		 2.240665;  1.016976; -0.828047;,
		 2.232725;  1.056897; -0.979953;,
		 2.450051;  1.078302; -0.979953;,
		 2.659437;  1.016975; -0.828047;,
		 2.450051;  1.037599; -0.828047;,
		 2.450051;  1.078302; -0.979953;,
		 2.667377;  1.056896; -0.979953;,
		 2.876353;  0.993504; -0.979953;,
		 2.667377;  1.056896; -0.979953;,
		 2.659437;  1.016975; -1.131860;,
		 2.860776;  0.955899; -1.131860;,
		 3.068945;  0.890562; -0.979953;,
		 2.876353;  0.993504; -0.979953;,
		 2.860776;  0.955899; -1.131860;,
		 3.046331;  0.856718; -1.131860;,
		 3.237754;  0.752024; -0.979953;,
		 3.068945;  0.890562; -0.979953;,
		 3.046331;  0.856718; -1.131860;,
		 3.208972;  0.723243; -1.131860;,
		 3.376292;  0.583215; -0.979953;,
		 3.237754;  0.752024; -0.979953;,
		 3.208972;  0.723243; -1.131860;,
		 3.342448;  0.560602; -1.131860;,
		 3.479234;  0.390623; -0.979953;,
		 3.376292;  0.583215; -0.979953;,
		 3.342448;  0.560602; -1.131860;,
		 3.441629;  0.375047; -1.131860;,
		 3.542626;  0.181648; -0.979953;,
		 3.479234;  0.390623; -0.979953;,
		 3.441629;  0.375047; -1.131860;,
		 3.502705;  0.173707; -1.131860;,
		 1.420868;  0.390623; -0.979953;,
		 1.357476;  0.181648; -0.979953;,
		 1.397397;  0.173707; -1.131860;,
		 1.458472;  0.375046; -1.131860;,
		 1.523810;  0.583215; -0.979953;,
		 1.420868;  0.390623; -0.979953;,
		 1.458472;  0.375046; -1.131860;,
		 1.557654;  0.560602; -1.131860;,
		 1.662348;  0.752024; -0.979953;,
		 1.523810;  0.583215; -0.979953;,
		 1.557654;  0.560602; -1.131860;,
		 1.691130;  0.723243; -1.131860;,
		 1.831157;  0.890562; -0.979953;,
		 1.662348;  0.752024; -0.979953;,
		 1.691130;  0.723243; -1.131860;,
		 1.853770;  0.856719; -1.131860;,
		 2.023749;  0.993505; -0.979953;,
		 1.831157;  0.890562; -0.979953;,
		 1.853770;  0.856719; -1.131860;,
		 2.039326;  0.955900; -1.131860;,
		 2.232725;  1.056897; -0.979953;,
		 2.023749;  0.993505; -0.979953;,
		 2.039326;  0.955900; -1.131860;,
		 2.240665;  1.016976; -1.131860;,
		 2.450051;  1.078302; -0.979953;,
		 2.232725;  1.056897; -0.979953;,
		 2.240665;  1.016976; -1.131860;,
		 2.450051;  1.037599; -1.131860;,
		 2.667377;  1.056896; -0.979953;,
		 2.450051;  1.078302; -0.979953;,
		 2.450051;  1.037599; -1.131860;,
		 2.659437;  1.016975; -1.131860;,
		 2.860776;  0.955899; -1.131860;,
		 2.659437;  1.016975; -1.131860;,
		 2.637742;  0.907908; -1.243063;,
		 2.818221;  0.853161; -1.243063;,
		 3.046331;  0.856718; -1.131860;,
		 2.860776;  0.955899; -1.131860;,
		 2.818221;  0.853161; -1.243063;,
		 2.984550;  0.764256; -1.243063;,
		 3.208972;  0.723243; -1.131860;,
		 3.046331;  0.856718; -1.131860;,
		 2.984550;  0.764256; -1.243063;,
		 3.130340;  0.644610; -1.243063;,
		 3.342448;  0.560602; -1.131860;,
		 3.208972;  0.723243; -1.131860;,
		 3.130340;  0.644610; -1.243063;,
		 3.249986;  0.498821; -1.243063;,
		 3.441629;  0.375047; -1.131860;,
		 3.342448;  0.560602; -1.131860;,
		 3.249986;  0.498821; -1.243063;,
		 3.338891;  0.332491; -1.243063;,
		 3.502705;  0.173707; -1.131860;,
		 3.441629;  0.375047; -1.131860;,
		 3.338891;  0.332491; -1.243063;,
		 3.393639;  0.152013; -1.243063;,
		 1.458472;  0.375046; -1.131860;,
		 1.397397;  0.173707; -1.131860;,
		 1.506463;  0.152012; -1.243063;,
		 1.561211;  0.332491; -1.243063;,
		 1.557654;  0.560602; -1.131860;,
		 1.458472;  0.375046; -1.131860;,
		 1.561211;  0.332491; -1.243063;,
		 1.650116;  0.498821; -1.243063;,
		 1.691130;  0.723243; -1.131860;,
		 1.557654;  0.560602; -1.131860;,
		 1.650116;  0.498821; -1.243063;,
		 1.769762;  0.644610; -1.243063;,
		 1.853770;  0.856719; -1.131860;,
		 1.691130;  0.723243; -1.131860;,
		 1.769762;  0.644610; -1.243063;,
		 1.915552;  0.764257; -1.243063;,
		 2.039326;  0.955900; -1.131860;,
		 1.853770;  0.856719; -1.131860;,
		 1.915552;  0.764257; -1.243063;,
		 2.081882;  0.853162; -1.243063;,
		 2.240665;  1.016976; -1.131860;,
		 2.039326;  0.955900; -1.131860;,
		 2.081882;  0.853162; -1.243063;,
		 2.262360;  0.907909; -1.243063;,
		 2.450051;  1.037599; -1.131860;,
		 2.240665;  1.016976; -1.131860;,
		 2.262360;  0.907909; -1.243063;,
		 2.450051;  0.926395; -1.243063;,
		 2.659437;  1.016975; -1.131860;,
		 2.450051;  1.037599; -1.131860;,
		 2.450051;  0.926395; -1.243063;,
		 2.637742;  0.907908; -1.243063;,
		 2.818221;  0.853161; -1.243063;,
		 2.637742;  0.907908; -1.243063;,
		 2.608107;  0.758921; -1.283766;,
		 2.760088;  0.712818; -1.283766;,
		 2.984550;  0.764256; -1.243063;,
		 2.818221;  0.853161; -1.243063;,
		 2.760088;  0.712818; -1.283766;,
		 2.900156;  0.637951; -1.283766;,
		 3.130340;  0.644610; -1.243063;,
		 2.984550;  0.764256; -1.243063;,
		 2.900156;  0.637951; -1.283766;,
		 3.022926;  0.537196; -1.283766;,
		 3.249986;  0.498821; -1.243063;,
		 3.130340;  0.644610; -1.243063;,
		 3.022926;  0.537196; -1.283766;,
		 3.123680;  0.414426; -1.283766;,
		 3.338891;  0.332491; -1.243063;,
		 3.249986;  0.498821; -1.243063;,
		 3.123680;  0.414426; -1.283766;,
		 3.198548;  0.274359; -1.283766;,
		 3.393639;  0.152013; -1.243063;,
		 3.338891;  0.332491; -1.243063;,
		 3.198548;  0.274359; -1.283766;,
		 3.244651;  0.122377; -1.283766;,
		 1.561211;  0.332491; -1.243063;,
		 1.506463;  0.152012; -1.243063;,
		 1.655451;  0.122377; -1.283766;,
		 1.701554;  0.274359; -1.283766;,
		 1.650116;  0.498821; -1.243063;,
		 1.561211;  0.332491; -1.243063;,
		 1.701554;  0.274359; -1.283766;,
		 1.776422;  0.414426; -1.283766;,
		 1.769762;  0.644610; -1.243063;,
		 1.650116;  0.498821; -1.243063;,
		 1.776422;  0.414426; -1.283766;,
		 1.877176;  0.537196; -1.283766;,
		 1.915552;  0.764257; -1.243063;,
		 1.769762;  0.644610; -1.243063;,
		 1.877176;  0.537196; -1.283766;,
		 1.999946;  0.637951; -1.283766;,
		 2.081882;  0.853162; -1.243063;,
		 1.915552;  0.764257; -1.243063;,
		 1.999946;  0.637951; -1.283766;,
		 2.140014;  0.712819; -1.283766;,
		 2.262360;  0.907909; -1.243063;,
		 2.081882;  0.853162; -1.243063;,
		 2.140014;  0.712819; -1.283766;,
		 2.291996;  0.758922; -1.283766;,
		 2.450051;  0.926395; -1.243063;,
		 2.262360;  0.907909; -1.243063;,
		 2.291996;  0.758922; -1.283766;,
		 2.450052;  0.774489; -1.283766;,
		 2.637742;  0.907908; -1.243063;,
		 2.450051;  0.926395; -1.243063;,
		 2.450052;  0.774489; -1.283766;,
		 2.608107;  0.758921; -1.283766;,
		 2.760088;  0.712818; -1.283766;,
		 2.608107;  0.758921; -1.283766;,
		 2.578471;  0.609933; -1.243063;,
		 2.701957;  0.572475; -1.243063;,
		 2.900156;  0.637951; -1.283766;,
		 2.760088;  0.712818; -1.283766;,
		 2.701957;  0.572475; -1.243063;,
		 2.815761;  0.511645; -1.243063;,
		 3.022926;  0.537196; -1.283766;,
		 2.900156;  0.637951; -1.283766;,
		 2.815761;  0.511645; -1.243063;,
		 2.915512;  0.429782; -1.243063;,
		 3.123680;  0.414426; -1.283766;,
		 3.022926;  0.537196; -1.283766;,
		 2.915512;  0.429782; -1.243063;,
		 2.997375;  0.330031; -1.243063;,
		 3.198548;  0.274359; -1.283766;,
		 3.123680;  0.414426; -1.283766;,
		 2.997375;  0.330031; -1.243063;,
		 3.058205;  0.216227; -1.243063;,
		 3.244651;  0.122377; -1.283766;,
		 3.198548;  0.274359; -1.283766;,
		 3.058205;  0.216227; -1.243063;,
		 3.095664;  0.092742; -1.243063;,
		 1.701554;  0.274359; -1.283766;,
		 1.655451;  0.122377; -1.283766;,
		 1.804438;  0.092741; -1.243063;,
		 1.841897;  0.216227; -1.243063;,
		 1.776422;  0.414426; -1.283766;,
		 1.701554;  0.274359; -1.283766;,
		 1.841897;  0.216227; -1.243063;,
		 1.902727;  0.330031; -1.243063;,
		 1.877176;  0.537196; -1.283766;,
		 1.776422;  0.414426; -1.283766;,
		 1.902727;  0.330031; -1.243063;,
		 1.984590;  0.429782; -1.243063;,
		 1.999946;  0.637951; -1.283766;,
		 1.877176;  0.537196; -1.283766;,
		 1.984590;  0.429782; -1.243063;,
		 2.084341;  0.511645; -1.243063;,
		 2.140014;  0.712819; -1.283766;,
		 1.999946;  0.637951; -1.283766;,
		 2.084341;  0.511645; -1.243063;,
		 2.198146;  0.572475; -1.243063;,
		 2.291996;  0.758922; -1.283766;,
		 2.140014;  0.712819; -1.283766;,
		 2.198146;  0.572475; -1.243063;,
		 2.321631;  0.609934; -1.243063;,
		 2.450052;  0.774489; -1.283766;,
		 2.291996;  0.758922; -1.283766;,
		 2.321631;  0.609934; -1.243063;,
		 2.450052;  0.622582; -1.243063;,
		 2.608107;  0.758921; -1.283766;,
		 2.450052;  0.774489; -1.283766;,
		 2.450052;  0.622582; -1.243063;,
		 2.578471;  0.609933; -1.243063;,
		 2.701957;  0.572475; -1.243063;,
		 2.578471;  0.609933; -1.243063;,
		 2.556777;  0.500867; -1.131860;,
		 2.659401;  0.469736; -1.131860;,
		 2.815761;  0.511645; -1.243063;,
		 2.701957;  0.572475; -1.243063;,
		 2.659401;  0.469736; -1.131860;,
		 2.753980;  0.419183; -1.131860;,
		 2.915512;  0.429782; -1.243063;,
		 2.815761;  0.511645; -1.243063;,
		 2.753980;  0.419183; -1.131860;,
		 2.836879;  0.351149; -1.131860;,
		 2.997375;  0.330031; -1.243063;,
		 2.915512;  0.429782; -1.243063;,
		 2.836879;  0.351149; -1.131860;,
		 2.904913;  0.268250; -1.131860;,
		 3.058205;  0.216227; -1.243063;,
		 2.997375;  0.330031; -1.243063;,
		 2.904913;  0.268250; -1.131860;,
		 2.955467;  0.173671; -1.131860;,
		 3.095664;  0.092742; -1.243063;,
		 3.058205;  0.216227; -1.243063;,
		 2.955467;  0.173671; -1.131860;,
		 2.986598;  0.071047; -1.131860;,
		 1.841897;  0.216227; -1.243063;,
		 1.804438;  0.092741; -1.243063;,
		 1.913505;  0.071047; -1.131860;,
		 1.944636;  0.173671; -1.131860;,
		 1.902727;  0.330031; -1.243063;,
		 1.841897;  0.216227; -1.243063;,
		 1.944636;  0.173671; -1.131860;,
		 1.995189;  0.268250; -1.131860;,
		 1.984590;  0.429782; -1.243063;,
		 1.902727;  0.330031; -1.243063;,
		 1.995189;  0.268250; -1.131860;,
		 2.063223;  0.351150; -1.131860;,
		 2.084341;  0.511645; -1.243063;,
		 1.984590;  0.429782; -1.243063;,
		 2.063223;  0.351150; -1.131860;,
		 2.146122;  0.419183; -1.131860;,
		 2.198146;  0.572475; -1.243063;,
		 2.084341;  0.511645; -1.243063;,
		 2.146122;  0.419183; -1.131860;,
		 2.240701;  0.469737; -1.131860;,
		 2.321631;  0.609934; -1.243063;,
		 2.198146;  0.572475; -1.243063;,
		 2.240701;  0.469737; -1.131860;,
		 2.343326;  0.500868; -1.131860;,
		 2.450052;  0.622582; -1.243063;,
		 2.321631;  0.609934; -1.243063;,
		 2.343326;  0.500868; -1.131860;,
		 2.450052;  0.511379; -1.131860;,
		 2.578471;  0.609933; -1.243063;,
		 2.450052;  0.622582; -1.243063;,
		 2.450052;  0.511379; -1.131860;,
		 2.556777;  0.500867; -1.131860;,
		 2.659401;  0.469736; -1.131860;,
		 2.556777;  0.500867; -1.131860;,
		 2.548836;  0.460946; -0.979953;,
		 2.643825;  0.432132; -0.979953;,
		 2.753980;  0.419183; -1.131860;,
		 2.659401;  0.469736; -1.131860;,
		 2.643825;  0.432132; -0.979953;,
		 2.731367;  0.385339; -0.979953;,
		 2.836879;  0.351149; -1.131860;,
		 2.753980;  0.419183; -1.131860;,
		 2.731367;  0.385339; -0.979953;,
		 2.808098;  0.322368; -0.979953;,
		 2.904913;  0.268250; -1.131860;,
		 2.836879;  0.351149; -1.131860;,
		 2.808098;  0.322368; -0.979953;,
		 2.871069;  0.245637; -0.979953;,
		 2.955467;  0.173671; -1.131860;,
		 2.904913;  0.268250; -1.131860;,
		 2.871069;  0.245637; -0.979953;,
		 2.917862;  0.158095; -0.979953;,
		 2.986598;  0.071047; -1.131860;,
		 2.955467;  0.173671; -1.131860;,
		 2.917862;  0.158095; -0.979953;,
		 2.946676;  0.063106; -0.979953;,
		 1.944636;  0.173671; -1.131860;,
		 1.913505;  0.071047; -1.131860;,
		 1.953426;  0.063106; -0.979953;,
		 1.982241;  0.158095; -0.979953;,
		 1.995189;  0.268250; -1.131860;,
		 1.944636;  0.173671; -1.131860;,
		 1.982241;  0.158095; -0.979953;,
		 2.029033;  0.245637; -0.979953;,
		 2.063223;  0.351150; -1.131860;,
		 1.995189;  0.268250; -1.131860;,
		 2.029033;  0.245637; -0.979953;,
		 2.092005;  0.322368; -0.979953;,
		 2.146122;  0.419183; -1.131860;,
		 2.063223;  0.351150; -1.131860;,
		 2.092005;  0.322368; -0.979953;,
		 2.168736;  0.385340; -0.979953;,
		 2.240701;  0.469737; -1.131860;,
		 2.146122;  0.419183; -1.131860;,
		 2.168736;  0.385340; -0.979953;,
		 2.256278;  0.432132; -0.979953;,
		 2.343326;  0.500868; -1.131860;,
		 2.240701;  0.469737; -1.131860;,
		 2.256278;  0.432132; -0.979953;,
		 2.351266;  0.460947; -0.979953;,
		 2.450052;  0.511379; -1.131860;,
		 2.343326;  0.500868; -1.131860;,
		 2.351266;  0.460947; -0.979953;,
		 2.450052;  0.470676; -0.979953;,
		 2.556777;  0.500867; -1.131860;,
		 2.450052;  0.511379; -1.131860;,
		 2.450052;  0.470676; -0.979953;,
		 2.548836;  0.460946; -0.979953;,
		 2.953371; -0.004864; -0.979953;,
		 2.988285; -0.032539; -0.979953;,
		 3.024940; -0.032938; -1.115781;,
		 2.994073; -0.004858; -1.131860;,
		 2.988285; -0.032539; -0.979953;,
		 2.953371; -0.004864; -0.979953;,
		 2.994073; -0.004858; -0.828047;,
		 3.024561; -0.032975; -0.843906;,
		 3.024561; -0.032975; -0.843906;,
		 2.994073; -0.004858; -0.828047;,
		 3.105273; -0.004825; -0.716843;,
		 3.124103; -0.034123; -0.744212;,
		 1.946732; -0.004865; -0.979953;,
		 1.911818; -0.032539; -0.979953;,
		 1.875163; -0.032938; -0.844125;,
		 1.906029; -0.004859; -0.828047;,
		 1.911818; -0.032539; -0.979953;,
		 1.946732; -0.004865; -0.979953;,
		 1.906029; -0.004859; -1.131860;,
		 1.875541; -0.032975; -1.116000;,
		 1.906029; -0.004859; -0.828047;,
		 1.875163; -0.032938; -0.844125;,
		 1.775631; -0.034087; -0.744851;,
		 1.794829; -0.004825; -0.716843;,
		 3.124103; -0.034123; -0.744212;,
		 3.105273; -0.004825; -0.716843;,
		 3.257180; -0.004825; -0.676140;,
		 3.260218; -0.035678; -0.707669;,
		 1.794829; -0.004825; -0.716843;,
		 1.775631; -0.034087; -0.744851;,
		 1.639884; -0.035679; -0.708483;,
		 1.642923; -0.004826; -0.676140;,
		 3.260218; -0.035678; -0.707669;,
		 3.257180; -0.004825; -0.676140;,
		 3.409096; -0.004930; -0.716843;,
		 3.396371; -0.037230; -0.744147;,
		 1.642923; -0.004826; -0.676140;,
		 1.639884; -0.035679; -0.708483;,
		 1.504065; -0.037264; -0.744726;,
		 1.491006; -0.004931; -0.716843;,
		 3.396371; -0.037230; -0.744147;,
		 3.409096; -0.004930; -0.716843;,
		 3.520310; -0.005039; -0.828047;,
		 3.496008; -0.038369; -0.843830;,
		 1.491006; -0.004931; -0.716843;,
		 1.504065; -0.037264; -0.744726;,
		 1.404413; -0.038401; -0.844014;,
		 1.379792; -0.005040; -0.828047;,
		 3.496008; -0.038369; -0.843830;,
		 3.520310; -0.005039; -0.828047;,
		 3.561017; -0.005072; -0.979953;,
		 3.532367; -0.038797; -0.979953;,
		 1.379792; -0.005040; -0.828047;,
		 1.404413; -0.038401; -0.844014;,
		 1.367735; -0.038798; -0.979953;,
		 1.339086; -0.005073; -0.979953;,
		 3.532367; -0.038797; -0.979953;,
		 3.561017; -0.005072; -0.979953;,
		 3.520310; -0.005039; -1.131860;,
		 3.495689; -0.038401; -1.115892;,
		 1.339086; -0.005073; -0.979953;,
		 1.367735; -0.038798; -0.979953;,
		 1.404094; -0.038370; -1.116076;,
		 1.379792; -0.005040; -1.131860;,
		 3.495689; -0.038401; -1.115892;,
		 3.520310; -0.005039; -1.131860;,
		 3.409096; -0.004930; -1.243063;,
		 3.396037; -0.037263; -1.215180;,
		 1.379792; -0.005040; -1.131860;,
		 1.404094; -0.038370; -1.116076;,
		 1.503731; -0.037231; -1.215759;,
		 1.491006; -0.004931; -1.243063;,
		 3.396037; -0.037263; -1.215180;,
		 3.409096; -0.004930; -1.243063;,
		 3.257180; -0.004825; -1.283766;,
		 3.260218; -0.035678; -1.251423;,
