xof 0303txt 0032

AnimTicksPerSecond {
	30;
}
Material blinn2 {
	 1.000000; 1.000000; 1.000000; 1.000000;;
	 128.000000;
	 0.500000; 0.500000; 0.500000;;
	 0.000000; 0.000000; 0.000000;;
	TextureFileName {".\\Chili_D.dds";}
}
Frame Ramen_ROOTSHJnt {
	FrameTransformMatrix {
		1.000000,0.000000,-0.000000,0.000000,0.000000,1.000000,-0.000000,0.000000,-0.000000,-0.000000,1.000000,0.000000,0.000000,2.525525,-0.000000,1.000000;;
	}
	Frame Ramen_Broth_AuxSHJnt {
		FrameTransformMatrix {
			1.000000,0.000000,-0.000000,0.000000,0.000000,1.000000,-0.000000,0.000000,-0.000000,-0.000000,1.000000,0.000000,0.000000,0.000000,0.000000,1.000000;;
		}
	}
	Frame Ramen_Noodles_AuxSHJnt {
		FrameTransformMatrix {
			1.000000,0.000000,-0.000000,0.000000,0.000000,1.000000,-0.000000,0.000000,-0.000000,-0.000000,1.000000,0.000000,0.000000,0.000000,0.000000,1.000000;;
		}
		Frame Ramen_l_Pupil_AuxSHJnt {
			FrameTransformMatrix {
				-0.939354,-0.030415,-0.341597,0.000000,0.118185,0.906336,-0.405693,0.000000,0.321941,-0.421462,-0.847776,0.000000,0.746906,0.489961,-1.789813,1.000000;;
			}
		}
		Frame Ramen_r_Pupil_AuxSHJnt {
			FrameTransformMatrix {
				-0.939354,0.030415,0.341597,0.000000,-0.118185,0.906336,-0.405693,0.000000,-0.321941,-0.421462,-0.847776,0.000000,-0.746906,0.489961,-1.789813,1.000000;;
			}
		}
		Frame Ramen_l_UpperLidOpen_AuxSHJnt {
			FrameTransformMatrix {
				-0.939354,-0.030415,-0.341597,0.000000,0.118185,0.906336,-0.405693,0.000000,0.321941,-0.421462,-0.847776,0.000000,0.743971,0.467447,-1.779736,1.000000;;
			}
		}
		Frame Ramen_r_UpperLidOpen_AuxSHJnt {
			FrameTransformMatrix {
				-0.939354,0.030415,0.341597,0.000000,-0.118185,0.906336,-0.405693,0.000000,-0.321941,-0.421462,-0.847776,0.000000,-0.743971,0.467447,-1.779736,1.000000;;
			}
		}
		Frame Ramen_l_UpperLidClosed_AuxSHJnt {
			FrameTransformMatrix {
				-0.939354,-0.030415,-0.341597,0.000000,0.118185,0.906336,-0.405693,0.000000,0.321941,-0.421462,-0.847776,0.000000,0.743971,0.467447,-1.779736,1.000000;;
			}
		}
		Frame Ramen_r_UpperLidClosed_AuxSHJnt {
			FrameTransformMatrix {
				-0.939354,0.030415,0.341597,0.000000,-0.118185,0.906336,-0.405693,0.000000,-0.321941,-0.421462,-0.847776,0.000000,-0.743971,0.467447,-1.779736,1.000000;;
			}
		}
		Frame Ramen_l_LowerLidOpen_AuxSHJnt {
			FrameTransformMatrix {
				-0.939354,-0.030415,-0.341597,0.000000,0.118185,0.906336,-0.405693,0.000000,0.321941,-0.421462,-0.847776,0.000000,0.743971,0.467447,-1.779736,1.000000;;
			}
		}
		Frame Ramen_r_LowerLidOpen_AuxSHJnt {
			FrameTransformMatrix {
				-0.939354,0.030415,0.341597,0.000000,-0.118185,0.906336,-0.405693,0.000000,-0.321941,-0.421462,-0.847776,0.000000,-0.743971,0.467447,-1.779736,1.000000;;
			}
		}
		Frame Ramen_l_LowerLidClosed_AuxSHJnt {
			FrameTransformMatrix {
				-0.939354,-0.030415,-0.341597,0.000000,0.118185,0.906336,-0.405693,0.000000,0.321941,-0.421462,-0.847776,0.000000,0.743971,0.467447,-1.779736,1.000000;;
			}
		}
		Frame Ramen_r_LowerLidClosed_AuxSHJnt {
			FrameTransformMatrix {
				-0.939354,0.030415,0.341597,0.000000,-0.118185,0.906336,-0.405693,0.000000,-0.321941,-0.421462,-0.847776,0.000000,-0.743971,0.467447,-1.779736,1.000000;;
			}
		}
	}
	Frame Ramen_Noodle_01_01SHJnt {
		FrameTransformMatrix {
			-0.000000,1.000000,-0.000000,0.000000,0.000000,0.000000,1.000000,0.000000,1.000000,0.000000,0.000000,0.000000,0.000000,0.520625,-2.345540,1.000000;;
		}
		Frame Ramen_Noodle_01_02SHJnt {
			FrameTransformMatrix {
				1.000000,0.000000,-0.000000,0.000000,0.000000,1.000000,-0.000000,0.000000,-0.000000,-0.000000,1.000000,0.000000,0.233334,0.000000,0.000000,1.000000;;
			}
			Frame Ramen_Noodle_01_03SHJnt {
				FrameTransformMatrix {
					1.000000,0.000000,-0.000000,0.000000,0.000000,1.000000,-0.000000,0.000000,-0.000000,-0.000000,1.000000,0.000000,0.233333,0.000000,0.000000,1.000000;;
				}
				Frame Ramen_Noodle_01_04SHJnt {
					FrameTransformMatrix {
						1.000000,0.000000,-0.000000,0.000000,0.000000,1.000000,-0.000000,0.000000,-0.000000,-0.000000,1.000000,0.000000,0.233334,0.000000,0.000000,1.000000;;
					}
					Frame Ramen_Noodle_01_05SHJnt {
						FrameTransformMatrix {
							1.000000,0.000000,-0.000000,0.000000,0.000000,1.000000,-0.000000,0.000000,-0.000000,-0.000000,1.000000,0.000000,0.233333,0.000000,0.000000,1.000000;;
						}
						Frame Ramen_Noodle_01_06SHJnt {
							FrameTransformMatrix {
								1.000000,0.000000,-0.000000,0.000000,0.000000,1.000000,-0.000000,0.000000,-0.000000,-0.000000,1.000000,0.000000,0.233334,0.000000,0.000000,1.000000;;
							}
							Frame Ramen_Noodle_01_07SHJnt {
								FrameTransformMatrix {
									1.000000,0.000000,-0.000000,0.000000,0.000000,1.000000,-0.000000,0.000000,-0.000000,-0.000000,1.000000,0.000000,0.233333,0.000000,0.000000,1.000000;;
								}
								Frame Ramen_Noodle_01_08SHJnt {
									FrameTransformMatrix {
										1.000000,0.000000,-0.000000,0.000000,0.000000,1.000000,-0.000000,0.000000,-0.000000,-0.000000,1.000000,0.000000,0.466667,0.000000,0.000000,1.000000;;
									}
									Frame Ramen_Noodle_01_09SHJnt {
										FrameTransformMatrix {
											1.000000,0.000000,-0.000000,0.000000,0.000000,1.000000,-0.000000,0.000000,-0.000000,-0.000000,1.000000,0.000000,0.466667,0.000000,0.000000,1.000000;;
										}
										Frame Ramen_Noodle_01_10SHJnt {
											FrameTransformMatrix {
												1.000000,0.000000,-0.000000,0.000000,0.000000,1.000000,-0.000000,0.000000,-0.000000,-0.000000,1.000000,0.000000,0.466667,0.000000,0.000000,1.000000;;
											}
										}
									}
								}
							}
						}
					}
				}
			}
		}
	}
	Frame Ramen_l_FrontLeg_HipSHJnt {
		FrameTransformMatrix {
			0.049923,0.997505,-0.049923,0.000000,0.707107,-0.000000,0.707107,0.000000,0.705342,-0.070602,-0.705342,0.000000,1.354008,-0.216790,-1.355008,1.000000;;
		}
		Frame Ramen_l_FrontLeg_KneeSHJnt {
			FrameTransformMatrix {
				-0.994722,0.000000,0.102606,0.000000,-0.000000,-1.000000,-0.000000,0.000000,0.102606,-0.000000,0.994722,0.000000,1.977190,0.000000,0.000000,1.000000;;
			}
			Frame Ramen_l_FrontLegLength_AuxSHJnt {
				FrameTransformMatrix {
					0.000000,-1.000000,0.000000,0.000000,-0.999484,-0.000000,0.032128,0.000000,-0.032128,-0.000000,-0.999484,0.000000,4.339847,0.000000,-0.001830,1.000000;;
				}
			}
		}
		Frame Ramen_l_FrontLegHipLength_AuxSHJnt {
			FrameTransformMatrix {
				0.000000,1.000000,0.000000,0.000000,0.997505,-0.000000,-0.070602,0.000000,-0.070602,0.000000,-0.997505,0.000000,-2.359508,0.000000,0.167003,1.000000;;
			}
		}
	}
	Frame Ramen_r_FrontLeg_HipSHJnt {
		FrameTransformMatrix {
			-0.049923,0.997505,-0.049923,0.000000,0.707107,0.000000,-0.707107,0.000000,-0.705342,-0.070602,-0.705342,0.000000,-1.354008,-0.216790,-1.355008,1.000000;;
		}
		Frame Ramen_r_FrontLeg_KneeSHJnt {
			FrameTransformMatrix {
				-0.994722,-0.000000,0.102606,0.000000,0.000000,-1.000000,-0.000000,0.000000,0.102606,0.000000,0.994722,0.000000,1.977190,-0.000000,0.000000,1.000000;;
			}
			Frame Ramen_r_FrontLegLength_AuxSHJnt {
				FrameTransformMatrix {
					0.000000,1.000000,0.000001,0.000000,-0.999479,0.000000,0.032283,0.000000,0.032283,-0.000001,0.999479,0.000000,4.339847,-0.000000,-0.001830,1.000000;;
				}
			}
		}
		Frame Ramen_r_FrontLegHipLength_AuxSHJnt {
			FrameTransformMatrix {
				-0.000000,1.000000,-0.000000,0.000000,0.997505,0.000000,-0.070602,0.000000,-0.070602,-0.000000,-0.997505,0.000000,-2.359508,-0.000000,0.167003,1.000000;;
			}
		}
	}
	Frame Ramen_l_MiddleLeg_HipSHJnt {
		FrameTransformMatrix {
			0.070602,0.997505,0.000000,0.000000,-0.000000,0.000000,1.000000,0.000000,0.997505,-0.070602,0.000000,0.000000,1.921262,-0.216790,-0.000000,1.000000;;
		}
		Frame Ramen_l_MiddleLeg_KneeSHJnt {
			FrameTransformMatrix {
				-0.994722,0.000000,0.102606,0.000000,-0.000000,-1.000000,-0.000000,0.000000,0.102606,-0.000000,0.994722,0.000000,1.977190,-0.000000,-0.000000,1.000000;;
			}
			Frame Ramen_l_MiddleLegLength_AuxSHJnt {
				FrameTransformMatrix {
					0.000000,-1.000000,0.000000,0.000000,-0.999484,-0.000000,0.032128,0.000000,-0.032128,-0.000000,-0.999484,0.000000,4.339847,0.000000,-0.001830,1.000000;;
				}
			}
		}
		Frame Ramen_l_MiddleLegHipLength_AuxSHJnt {
			FrameTransformMatrix {
				0.000000,1.000000,0.000000,0.000000,0.997505,0.000000,-0.070602,0.000000,-0.070602,0.000000,-0.997505,0.000000,-2.359508,-0.000000,0.167003,1.000000;;
			}
		}
	}
	Frame Ramen_r_MiddleLeg_HipSHJnt {
		FrameTransformMatrix {
			-0.070602,0.997505,0.000000,0.000000,-0.000000,-0.000000,-1.000000,0.000000,-0.997505,-0.070602,0.000000,0.000000,-1.921262,-0.216790,-0.000000,1.000000;;
		}
		Frame Ramen_r_MiddleLeg_KneeSHJnt {
			FrameTransformMatrix {
				-0.994722,-0.000000,0.102606,0.000000,0.000000,-1.000000,-0.000000,0.000000,0.102606,0.000000,0.994722,0.000000,1.977190,0.000000,0.000000,1.000000;;
			}
			Frame Ramen_r_MiddleLegLength_AuxSHJnt {
				FrameTransformMatrix {
					-0.000000,-1.000000,-0.000000,0.000000,-0.999484,0.000000,0.032128,0.000000,-0.032128,0.000000,-0.999484,0.000000,4.339847,-0.000000,-0.001830,1.000000;;
				}
			}
		}
		Frame Ramen_r_MiddleLegHipLength_AuxSHJnt {
			FrameTransformMatrix {
				-0.000000,1.000000,-0.000000,0.000000,0.997505,-0.000000,-0.070602,0.000000,-0.070602,-0.000000,-0.997505,0.000000,-2.359508,0.000000,0.167003,1.000000;;
			}
		}
	}
	Frame Ramen_l_BackLeg_HipSHJnt {
		FrameTransformMatrix {
			0.049923,0.997505,0.049923,0.000000,-0.707107,0.000000,0.707107,0.000000,0.705342,-0.070602,0.705342,0.000000,1.353632,-0.216790,1.355136,1.000000;;
		}
		Frame Ramen_l_BackLeg_KneeSHJnt {
			FrameTransformMatrix {
				-0.994722,0.000000,0.102606,0.000000,-0.000000,-1.000000,-0.000000,0.000000,0.102606,-0.000000,0.994722,0.000000,1.977190,-0.000000,0.000000,1.000000;;
			}
			Frame Ramen_l_BackLegLength_AuxSHJnt {
				FrameTransformMatrix {
					0.000000,-1.000000,0.000000,0.000000,-0.999484,-0.000000,0.032128,0.000000,-0.032128,-0.000000,-0.999484,0.000000,4.339847,0.000000,-0.001830,1.000000;;
				}
			}
		}
		Frame Ramen_l_BackLegHipLength_AuxSHJnt {
			FrameTransformMatrix {
				0.000000,1.000000,0.000000,0.000000,0.997505,0.000000,-0.070602,0.000000,-0.070602,0.000000,-0.997505,0.000000,-2.359508,-0.000000,0.167003,1.000000;;
			}
		}
	}
	Frame Ramen_r_BackLeg_HipSHJnt {
		FrameTransformMatrix {
			-0.049923,0.997505,0.049923,0.000000,-0.707107,-0.000000,-0.707107,0.000000,-0.705342,-0.070602,0.705342,0.000000,-1.353632,-0.216790,1.355136,1.000000;;
		}
		Frame Ramen_r_BackLeg_KneeSHJnt {
			FrameTransformMatrix {
				-0.994722,-0.000000,0.102606,0.000000,0.000000,-1.000000,-0.000000,0.000000,0.102606,0.000000,0.994722,0.000000,1.977190,0.000000,0.000000,1.000000;;
			}
			Frame Ramen_r_BackLegLength_AuxSHJnt {
				FrameTransformMatrix {
					-0.000000,-1.000000,-0.000000,0.000000,-0.999484,0.000000,0.032128,0.000000,-0.032128,0.000000,-0.999484,0.000000,4.339847,-0.000000,-0.001830,1.000000;;
				}
			}
		}
		Frame Ramen_r_BackLegHipLength_AuxSHJnt {
			FrameTransformMatrix {
				-0.000000,1.000000,-0.000000,0.000000,0.997505,-0.000000,-0.070602,0.000000,-0.070602,-0.000000,-0.997505,0.000000,-2.359508,0.000000,0.167003,1.000000;;
			}
		}
	}
	Frame Ramen_HoldAuxSHJnt {
		FrameTransformMatrix {
			1.000000,0.000000,-0.000000,0.000000,0.000000,1.000000,-0.000000,0.000000,-0.000000,-0.000000,1.000000,0.000000,0.000000,-2.525525,-0.000000,1.000000;;
		}
	}
}
Frame ChiliGeo {
	FrameTransformMatrix {
		1.000000,0.000000,-0.000000,0.000000,0.000000,1.000000,-0.000000,0.000000,-0.000000,-0.000000,1.000000,0.000000,0.000000,0.000000,-0.000000,1.000000;;
	}
	Mesh ChiliGeoShape {
		7564;
		 1.609467;  3.235884; -1.974169;,
		 1.607863;  3.557706; -1.940146;,
		 1.802412;  3.563283; -1.802412;,
		 1.818537;  3.241045; -1.818537;,
		 1.399441;  3.220335; -2.028209;,
		 1.388602;  3.541628; -1.993017;,
		 1.607863;  3.557706; -1.940146;,
		 1.609467;  3.235884; -1.974169;,
		 1.974169;  3.235884; -1.609467;,
		 1.940146;  3.557706; -1.607863;,
		 1.993017;  3.541628; -1.388602;,
		 2.028209;  3.220335; -1.399441;,
		 1.818537;  3.241045; -1.818537;,
		 1.802412;  3.563283; -1.802412;,
		 1.940146;  3.557706; -1.607863;,
		 1.974169;  3.235884; -1.609467;,
		 1.802412;  3.563283; -1.802412;,
		 1.722563;  3.874969; -1.722563;,
		 1.831034;  3.847342; -1.565233;,
		 1.940146;  3.557706; -1.607863;,
		 1.940146;  3.557706; -1.607863;,
		 1.831034;  3.847342; -1.565233;,
		 1.871243;  3.810103; -1.373080;,
		 1.993017;  3.541628; -1.388602;,
		 1.831034;  3.847342; -1.565233;,
		 1.716305;  4.052104; -1.490893;,
		 1.784271;  3.965324; -1.351699;,
		 1.871243;  3.810103; -1.373080;,
		 1.722563;  3.874969; -1.722563;,
		 1.614165;  4.091833; -1.614165;,
		 1.716305;  4.052104; -1.490893;,
		 1.831034;  3.847342; -1.565233;,
		 1.388602;  3.541628; -1.993017;,
		 1.373080;  3.810103; -1.871243;,
		 1.565233;  3.847342; -1.831034;,
		 1.607863;  3.557706; -1.940146;,
		 1.607863;  3.557706; -1.940146;,
		 1.565233;  3.847342; -1.831034;,
		 1.722563;  3.874969; -1.722563;,
		 1.802412;  3.563283; -1.802412;,
		 1.565233;  3.847342; -1.831034;,
		 1.490893;  4.052104; -1.716305;,
		 1.614165;  4.091833; -1.614165;,
		 1.722563;  3.874969; -1.722563;,
		 1.373080;  3.810103; -1.871243;,
		 1.351699;  3.965324; -1.784271;,
		 1.490893;  4.052104; -1.716305;,
		 1.565233;  3.847342; -1.831034;,
		 1.351699;  3.965324; -1.784271;,
		 1.245168;  4.051215; -1.720501;,
		 1.328438;  4.197117; -1.580863;,
		 1.490893;  4.052104; -1.716305;,
		 1.490893;  4.052104; -1.716305;,
		 1.328438;  4.197117; -1.580863;,
		 1.449763;  4.246123; -1.449763;,
		 1.614165;  4.091833; -1.614165;,
		 1.614165;  4.091833; -1.614165;,
		 1.449763;  4.246123; -1.449763;,
		 1.580863;  4.197117; -1.328438;,
		 1.716305;  4.052104; -1.490893;,
		 1.716305;  4.052104; -1.490893;,
		 1.580863;  4.197117; -1.328438;,
		 1.720501;  4.051215; -1.245168;,
		 1.784271;  3.965324; -1.351699;,
		 1.861368;  3.810233; -1.185798;,
		 1.871243;  3.810103; -1.373080;,
		 1.784271;  3.965324; -1.351699;,
		 1.720501;  4.051215; -1.245168;,
		 1.951545;  3.512459; -1.158581;,
		 1.993017;  3.541628; -1.388602;,
		 1.871243;  3.810103; -1.373080;,
		 1.861368;  3.810233; -1.185798;,
		 1.983268;  3.190062; -1.178259;,
		 2.028209;  3.220335; -1.399441;,
		 1.993017;  3.541628; -1.388602;,
		 1.951545;  3.512459; -1.158581;,
		 1.158581;  3.512459; -1.951545;,
		 1.388602;  3.541628; -1.993017;,
		 1.399441;  3.220335; -2.028209;,
		 1.178259;  3.190062; -1.983268;,
		 1.185798;  3.810233; -1.861369;,
		 1.373080;  3.810103; -1.871243;,
		 1.388602;  3.541628; -1.993017;,
		 1.158581;  3.512459; -1.951545;,
		 1.245168;  4.051215; -1.720501;,
		 1.351699;  3.965324; -1.784271;,
		 1.373080;  3.810103; -1.871243;,
		 1.185798;  3.810233; -1.861369;,
		 1.609467;  3.235884; -1.974169;,
		 1.591035;  2.931833; -1.932005;,
		 1.418625;  2.938423; -1.981656;,
		 1.399441;  3.220335; -2.028209;,
		 1.818537;  3.241045; -1.818537;,
		 1.782466;  2.928278; -1.782466;,
		 1.591035;  2.931833; -1.932005;,
		 1.609467;  3.235884; -1.974169;,
		 1.974169;  3.235884; -1.609467;,
		 1.932005;  2.931833; -1.591035;,
		 1.782466;  2.928278; -1.782466;,
		 1.818537;  3.241045; -1.818537;,
		 2.028209;  3.220335; -1.399441;,
		 1.981656;  2.938423; -1.418625;,
		 1.932005;  2.931833; -1.591035;,
		 1.974169;  3.235884; -1.609467;,
		 1.983268;  3.190062; -1.178259;,
		 1.937370;  2.938639; -1.235609;,
		 1.981656;  2.938423; -1.418625;,
		 2.028209;  3.220335; -1.399441;,
		 1.399441;  3.220335; -2.028209;,
		 1.418625;  2.938423; -1.981656;,
		 1.235609;  2.938639; -1.937370;,
		 1.178259;  3.190062; -1.983268;,
		 1.591035;  2.931833; -1.932005;,
		 1.545202;  2.728654; -1.803738;,
		 1.429478;  2.741072; -1.844524;,
		 1.418625;  2.938423; -1.981656;,
		 1.782466;  2.928278; -1.782466;,
		 1.687401;  2.724341; -1.687401;,
		 1.545202;  2.728654; -1.803738;,
		 1.591035;  2.931833; -1.932005;,
		 1.932005;  2.931833; -1.591035;,
		 1.803738;  2.728654; -1.545202;,
		 1.687401;  2.724341; -1.687401;,
		 1.782466;  2.928278; -1.782466;,
		 1.981656;  2.938423; -1.418625;,
		 1.844524;  2.741072; -1.429478;,
		 1.803738;  2.728654; -1.545202;,
		 1.932005;  2.931833; -1.591035;,
		 1.937370;  2.938639; -1.235609;,
		 1.828968;  2.742953; -1.316105;,
		 1.844524;  2.741072; -1.429478;,
		 1.981656;  2.938423; -1.418625;,
		 1.418625;  2.938423; -1.981656;,
		 1.429478;  2.741072; -1.844524;,
		 1.316105;  2.742953; -1.828968;,
		 1.235609;  2.938639; -1.937370;,
		 1.545202;  2.728654; -1.803738;,
		 1.466727;  2.584963; -1.563758;,
		 1.422728;  2.593907; -1.609205;,
		 1.429478;  2.741072; -1.844524;,
		 1.687401;  2.724341; -1.687401;,
		 1.517501;  2.579902; -1.517501;,
		 1.466727;  2.584963; -1.563758;,
		 1.545202;  2.728654; -1.803738;,
		 1.803738;  2.728654; -1.545202;,
		 1.563758;  2.584963; -1.466727;,
		 1.517501;  2.579902; -1.517501;,
		 1.687401;  2.724341; -1.687401;,
		 1.844524;  2.741072; -1.429478;,
		 1.609205;  2.593907; -1.422728;,
		 1.563758;  2.584963; -1.466727;,
		 1.803738;  2.728654; -1.545202;,
		 1.828968;  2.742953; -1.316105;,
		 1.658063;  2.592055; -1.398162;,
		 1.609205;  2.593907; -1.422728;,
		 1.844524;  2.741072; -1.429478;,
		 1.429478;  2.741072; -1.844524;,
		 1.422728;  2.593907; -1.609205;,
		 1.398162;  2.592055; -1.658063;,
		 1.316105;  2.742953; -1.828968;,
		 1.466727;  2.584963; -1.563758;,
		 1.453314;  2.442568; -1.523443;,
		 1.427395;  2.442456; -1.560773;,
		 1.422728;  2.593907; -1.609205;,
		 1.517501;  2.579902; -1.517501;,
		 1.484556;  2.442647; -1.484556;,
		 1.453314;  2.442568; -1.523443;,
		 1.466727;  2.584963; -1.563758;,
		 1.563758;  2.584963; -1.466727;,
		 1.523443;  2.442568; -1.453314;,
		 1.484556;  2.442647; -1.484556;,
		 1.517501;  2.579902; -1.517501;,
		 1.609205;  2.593907; -1.422728;,
		 1.560773;  2.442456; -1.427395;,
		 1.523443;  2.442568; -1.453314;,
		 1.563758;  2.584963; -1.466727;,
		 1.658063;  2.592055; -1.398162;,
		 1.560773;  2.442456; -1.427395;,
		 1.609205;  2.593907; -1.422728;,
		 1.398162;  2.592055; -1.658063;,
		 1.427395;  2.442456; -1.560773;,
		 1.429820;  2.442014; -1.601198;,
		 1.427395;  2.442456; -1.560773;,
		 1.460809;  0.580032; -1.616416;,
		 1.464751;  0.581764; -1.658950;,
		 1.429820;  2.442014; -1.601198;,
		 1.453314;  2.442568; -1.523443;,
		 1.489647;  0.579567; -1.571891;,
		 1.460809;  0.580032; -1.616416;,
		 1.427395;  2.442456; -1.560773;,
		 1.484556;  2.442647; -1.484556;,
		 1.526482;  0.579426; -1.526482;,
		 1.489647;  0.579567; -1.571891;,
		 1.453314;  2.442568; -1.523443;,
		 1.523443;  2.442568; -1.453314;,
		 1.571891;  0.579567; -1.489647;,
		 1.526482;  0.579426; -1.526482;,
		 1.484556;  2.442647; -1.484556;,
		 1.560773;  2.442456; -1.427395;,
		 1.616416;  0.580032; -1.460809;,
		 1.571891;  0.579567; -1.489647;,
		 1.523443;  2.442568; -1.453314;,
		 1.601198;  2.442014; -1.429820;,
		 1.658950;  0.581764; -1.464751;,
		 1.616416;  0.580032; -1.460809;,
		 1.560773;  2.442456; -1.427395;,
		 1.626387;  3.228086; -2.012608;,
		 1.848000;  3.233737; -1.848000;,
		 1.831849;  3.568812; -1.831849;,
		 1.624075;  3.562998; -1.979019;,
		 1.398387;  3.211659; -2.071307;,
		 1.626387;  3.228086; -2.012608;,
		 1.624075;  3.562998; -1.979019;,
		 1.385558;  3.545643; -2.036615;,
		 2.012608;  3.228086; -1.626387;,
		 2.071307;  3.211659; -1.398387;,
		 2.036615;  3.545643; -1.385558;,
		 1.979019;  3.562998; -1.624075;,
		 1.848000;  3.233737; -1.848000;,
		 2.012608;  3.228086; -1.626387;,
		 1.979019;  3.562998; -1.624075;,
		 1.831849;  3.568812; -1.831849;,
		 1.831849;  3.568812; -1.831849;,
		 1.979019;  3.562998; -1.624075;,
		 1.867220;  3.865767; -1.578638;,
		 1.749226;  3.894194; -1.749226;,
		 1.979019;  3.562998; -1.624075;,
		 2.036615;  3.545643; -1.385558;,
		 1.911852;  3.826566; -1.369117;,
		 1.867220;  3.865767; -1.578638;,
		 1.867220;  3.865767; -1.578638;,
		 1.911852;  3.826566; -1.369117;,
		 1.819534;  3.991743; -1.347441;,
		 1.745587;  4.084060; -1.497331;,
		 1.749226;  3.894194; -1.749226;,
		 1.867220;  3.865767; -1.578638;,
		 1.745587;  4.084060; -1.497331;,
		 1.633015;  4.126338; -1.633015;,
		 1.385558;  3.545643; -2.036615;,
		 1.624075;  3.562998; -1.979019;,
		 1.578638;  3.865767; -1.867220;,
		 1.369117;  3.826566; -1.911852;,
		 1.624075;  3.562998; -1.979019;,
		 1.831849;  3.568812; -1.831849;,
		 1.749226;  3.894194; -1.749226;,
		 1.578638;  3.865767; -1.867220;,
		 1.578638;  3.865767; -1.867220;,
		 1.749226;  3.894194; -1.749226;,
		 1.633015;  4.126338; -1.633015;,
		 1.497331;  4.084060; -1.745587;,
		 1.369117;  3.826566; -1.911852;,
		 1.578638;  3.865767; -1.867220;,
		 1.497331;  4.084060; -1.745587;,
		 1.347441;  3.991743; -1.819534;,
		 1.347441;  3.991743; -1.819534;,
		 1.497331;  4.084060; -1.745587;,
		 1.329283;  4.233715; -1.604846;,
		 1.237243;  4.078537; -1.753942;,
		 1.497331;  4.084060; -1.745587;,
		 1.633015;  4.126338; -1.633015;,
		 1.461985;  4.286186; -1.461985;,
		 1.329283;  4.233715; -1.604846;,
		 1.633015;  4.126338; -1.633015;,
		 1.745587;  4.084060; -1.497331;,
		 1.604846;  4.233715; -1.329283;,
		 1.461985;  4.286186; -1.461985;,
		 1.745587;  4.084060; -1.497331;,
		 1.819534;  3.991743; -1.347441;,
		 1.753942;  4.078537; -1.237243;,
		 1.604846;  4.233715; -1.329283;,
		 1.900715;  3.825549; -1.172683;,
		 1.753942;  4.078537; -1.237243;,
		 1.819534;  3.991743; -1.347441;,
		 1.911852;  3.826566; -1.369117;,
		 1.993442;  3.515238; -1.144410;,
		 1.900715;  3.825549; -1.172683;,
		 1.911852;  3.826566; -1.369117;,
		 2.036615;  3.545643; -1.385558;,
		 2.025210;  3.181096; -1.166993;,
		 1.993442;  3.515238; -1.144410;,
		 2.036615;  3.545643; -1.385558;,
		 2.071307;  3.211659; -1.398387;,
		 1.144410;  3.515238; -1.993442;,
		 1.166993;  3.181096; -2.025210;,
		 1.398387;  3.211659; -2.071307;,
		 1.385558;  3.545643; -2.036615;,
		 1.172683;  3.825549; -1.900715;,
		 1.144410;  3.515238; -1.993442;,
		 1.385558;  3.545643; -2.036615;,
		 1.369117;  3.826566; -1.911852;,
		 1.237243;  4.078537; -1.753942;,
		 1.172683;  3.825549; -1.900715;,
		 1.369117;  3.826566; -1.911852;,
		 1.347441;  3.991743; -1.819534;,
		 1.626387;  3.228086; -2.012608;,
		 1.398387;  3.211659; -2.071307;,
		 1.419875;  2.919842; -2.021724;,
		 1.607573;  2.914885; -1.968120;,
		 1.848000;  3.233737; -1.848000;,
		 1.626387;  3.228086; -2.012608;,
		 1.607573;  2.914885; -1.968120;,
		 1.810449;  2.911880; -1.810449;,
		 2.012608;  3.228086; -1.626387;,
		 1.848000;  3.233737; -1.848000;,
		 1.810449;  2.911880; -1.810449;,
		 1.968120;  2.914885; -1.607573;,
		 2.071307;  3.211659; -1.398387;,
		 2.012608;  3.228086; -1.626387;,
		 1.968120;  2.914885; -1.607573;,
		 2.021724;  2.919842; -1.419875;,
		 2.025210;  3.181096; -1.166993;,
		 2.071307;  3.211659; -1.398387;,
		 2.021724;  2.919842; -1.419875;,
		 1.976841;  2.919461; -1.228982;,
		 1.398387;  3.211659; -2.071307;,
		 1.166993;  3.181096; -2.025210;,
		 1.228982;  2.919461; -1.976841;,
		 1.419875;  2.919842; -2.021724;,
		 1.607573;  2.914885; -1.968120;,
		 1.419875;  2.919842; -2.021724;,
		 1.433331;  2.712938; -1.879231;,
		 1.561052;  2.701679; -1.834645;,
		 1.810449;  2.911880; -1.810449;,
		 1.607573;  2.914885; -1.968120;,
		 1.561052;  2.701679; -1.834645;,
		 1.711849;  2.697590; -1.711849;,
		 1.968120;  2.914885; -1.607573;,
		 1.810449;  2.911880; -1.810449;,
		 1.711849;  2.697590; -1.711849;,
		 1.834645;  2.701679; -1.561052;,
		 2.021724;  2.919842; -1.419875;,
		 1.968120;  2.914885; -1.607573;,
		 1.834645;  2.701679; -1.561052;,
		 1.879231;  2.712938; -1.433331;,
		 1.976841;  2.919461; -1.228982;,
		 2.021724;  2.919842; -1.419875;,
		 1.879231;  2.712938; -1.433331;,
		 1.862978;  2.713807; -1.312816;,
		 1.419875;  2.919842; -2.021724;,
		 1.228982;  2.919461; -1.976841;,
		 1.312816;  2.713807; -1.862978;,
		 1.433331;  2.712938; -1.879231;,
		 1.561052;  2.701679; -1.834645;,
		 1.433331;  2.712938; -1.879231;,
		 1.458886;  2.567118; -1.677704;,
		 1.523133;  2.560904; -1.642373;,
		 1.711849;  2.697590; -1.711849;,
		 1.561052;  2.701679; -1.834645;,
		 1.523133;  2.560904; -1.642373;,
		 1.587585;  2.560849; -1.587585;,
		 1.834645;  2.701679; -1.561052;,
		 1.711849;  2.697590; -1.711849;,
		 1.587585;  2.560849; -1.587585;,
		 1.642373;  2.560904; -1.523133;,
		 1.879231;  2.712938; -1.433331;,
		 1.834645;  2.701679; -1.561052;,
		 1.642373;  2.560904; -1.523133;,
		 1.677704;  2.567118; -1.458886;,
		 1.862978;  2.713807; -1.312816;,
		 1.879231;  2.712938; -1.433331;,
		 1.677704;  2.567118; -1.458886;,
		 1.688765;  2.577211; -1.409693;,
		 1.433331;  2.712938; -1.879231;,
		 1.312816;  2.713807; -1.862978;,
		 1.409693;  2.577211; -1.688765;,
		 1.458886;  2.567118; -1.677704;,
		 1.523133;  2.560904; -1.642373;,
		 1.458886;  2.567118; -1.677704;,
		 1.482489;  2.441275; -1.617616;,
		 1.520315;  2.441150; -1.591833;,
		 1.587585;  2.560849; -1.587585;,
		 1.523133;  2.560904; -1.642373;,
		 1.520315;  2.441150; -1.591833;,
		 1.558140;  2.441107; -1.558140;,
		 1.642373;  2.560904; -1.523133;,
		 1.587585;  2.560849; -1.587585;,
		 1.558140;  2.441107; -1.558140;,
		 1.591833;  2.441150; -1.520315;,
		 1.677704;  2.567118; -1.458886;,
		 1.642373;  2.560904; -1.523133;,
		 1.591833;  2.441150; -1.520315;,
		 1.617616;  2.441275; -1.482489;,
		 1.688765;  2.577211; -1.409693;,
		 1.677704;  2.567118; -1.458886;,
		 1.617616;  2.441275; -1.482489;,
		 1.616360;  2.441638; -1.448978;,
		 1.458886;  2.567118; -1.677704;,
		 1.409693;  2.577211; -1.688765;,
		 1.448978;  2.441638; -1.616360;,
		 1.482489;  2.441275; -1.617616;,
		 1.482489;  2.441275; -1.617616;,
		 1.448978;  2.441638; -1.616360;,
		 1.484259;  0.585426; -1.677502;,
		 1.522587;  0.586750; -1.678595;,
		 1.520315;  2.441150; -1.591833;,
		 1.482489;  2.441275; -1.617616;,
		 1.522587;  0.586750; -1.678595;,
		 1.566125;  0.587360; -1.648693;,
		 1.558140;  2.441107; -1.558140;,
		 1.520315;  2.441150; -1.591833;,
		 1.566125;  0.587360; -1.648693;,
		 1.609746;  0.587602; -1.609746;,
		 1.591833;  2.441150; -1.520315;,
		 1.558140;  2.441107; -1.558140;,
		 1.609746;  0.587602; -1.609746;,
		 1.648693;  0.587360; -1.566125;,
		 1.617616;  2.441275; -1.482489;,
		 1.591833;  2.441150; -1.520315;,
		 1.648693;  0.587360; -1.566125;,
		 1.678595;  0.586750; -1.522587;,
		 1.616360;  2.441638; -1.448978;,
		 1.617616;  2.441275; -1.482489;,
		 1.678595;  0.586750; -1.522587;,
		 1.677502;  0.585426; -1.484259;,
		 1.329283;  4.233715; -1.604846;,
		 1.328438;  4.197117; -1.580863;,
		 1.245168;  4.051215; -1.720501;,
		 1.237243;  4.078537; -1.753942;,
		 1.461985;  4.286186; -1.461985;,
		 1.449763;  4.246123; -1.449763;,
		 1.328438;  4.197117; -1.580863;,
		 1.329283;  4.233715; -1.604846;,
		 1.604846;  4.233715; -1.329283;,
		 1.580863;  4.197117; -1.328438;,
		 1.449763;  4.246123; -1.449763;,
		 1.461985;  4.286186; -1.461985;,
		 1.753942;  4.078537; -1.237243;,
		 1.720501;  4.051215; -1.245168;,
		 1.580863;  4.197117; -1.328438;,
		 1.604846;  4.233715; -1.329283;,
		 1.900715;  3.825549; -1.172683;,
		 1.861368;  3.810233; -1.185798;,
		 1.720501;  4.051215; -1.245168;,
		 1.753942;  4.078537; -1.237243;,
		 1.993442;  3.515238; -1.144410;,
		 1.951545;  3.512459; -1.158581;,
		 1.861368;  3.810233; -1.185798;,
		 1.900715;  3.825549; -1.172683;,
		 2.025210;  3.181096; -1.166993;,
		 1.983268;  3.190062; -1.178259;,
		 1.951545;  3.512459; -1.158581;,
		 1.993442;  3.515238; -1.144410;,
		 1.144410;  3.515238; -1.993442;,
		 1.158581;  3.512459; -1.951545;,
		 1.178259;  3.190062; -1.983268;,
		 1.166993;  3.181096; -2.025210;,
		 1.172683;  3.825549; -1.900715;,
		 1.185798;  3.810233; -1.861369;,
		 1.158581;  3.512459; -1.951545;,
		 1.144410;  3.515238; -1.993442;,
		 1.237243;  4.078537; -1.753942;,
		 1.245168;  4.051215; -1.720501;,
		 1.185798;  3.810233; -1.861369;,
		 1.172683;  3.825549; -1.900715;,
		 1.976841;  2.919461; -1.228982;,
		 1.937370;  2.938639; -1.235609;,
		 1.983268;  3.190062; -1.178259;,
		 2.025210;  3.181096; -1.166993;,
		 1.166993;  3.181096; -2.025210;,
		 1.178259;  3.190062; -1.983268;,
		 1.235609;  2.938639; -1.937370;,
		 1.228982;  2.919461; -1.976841;,
		 1.862978;  2.713807; -1.312816;,
		 1.828968;  2.742953; -1.316105;,
		 1.937370;  2.938639; -1.235609;,
		 1.976841;  2.919461; -1.228982;,
		 1.228982;  2.919461; -1.976841;,
		 1.235609;  2.938639; -1.937370;,
		 1.316105;  2.742953; -1.828968;,
		 1.312816;  2.713807; -1.862978;,
		 1.688765;  2.577211; -1.409693;,
		 1.658063;  2.592055; -1.398162;,
		 1.828968;  2.742953; -1.316105;,
		 1.862978;  2.713807; -1.312816;,
		 1.312816;  2.713807; -1.862978;,
		 1.316105;  2.742953; -1.828968;,
		 1.398162;  2.592055; -1.658063;,
		 1.409693;  2.577211; -1.688765;,
		 1.616360;  2.441638; -1.448978;,
		 1.601198;  2.442014; -1.429820;,
		 1.658063;  2.592055; -1.398162;,
		 1.688765;  2.577211; -1.409693;,
		 1.409693;  2.577211; -1.688765;,
		 1.398162;  2.592055; -1.658063;,
		 1.429820;  2.442014; -1.601198;,
		 1.448978;  2.441638; -1.616360;,
		 1.448978;  2.441638; -1.616360;,
		 1.429820;  2.442014; -1.601198;,
		 1.464751;  0.581764; -1.658950;,
		 1.484259;  0.585426; -1.677502;,
		 1.444189;  0.010993; -1.690465;,
		 1.470991; -0.031417; -1.669809;,
		 1.484758;  0.008833; -1.683576;,
		 1.484758;  0.008833; -1.683576;,
		 1.470991; -0.031417; -1.669809;,
		 1.519610; -0.044296; -1.624837;,
		 1.537390;  0.008139; -1.642617;,
		 1.537390;  0.008139; -1.642617;,
		 1.519610; -0.044296; -1.624837;,
		 1.571880; -0.051182; -1.571880;,
		 1.592008;  0.007927; -1.592008;,
		 1.592008;  0.007927; -1.592008;,
		 1.571880; -0.051182; -1.571880;,
		 1.624837; -0.044296; -1.519610;,
		 1.642617;  0.008139; -1.537390;,
		 1.642617;  0.008139; -1.537390;,
		 1.624837; -0.044296; -1.519610;,
		 1.669809; -0.031417; -1.470991;,
		 1.683576;  0.008833; -1.484758;,
		 1.683576;  0.008833; -1.484758;,
		 1.669809; -0.031417; -1.470991;,
		 1.690465;  0.010993; -1.444189;,
		 1.677502;  0.585426; -1.484259;,
		 1.658950;  0.581764; -1.464751;,
		 1.601198;  2.442014; -1.429820;,
		 1.616360;  2.441638; -1.448978;,
		 1.444189;  0.010993; -1.690465;,
		 1.427752;  0.010612; -1.674028;,
		 1.442051; -0.025147; -1.640868;,
		 1.470991; -0.031417; -1.669809;,
		 1.519610; -0.044296; -1.624837;,
		 1.470991; -0.031417; -1.669809;,
		 1.442051; -0.025147; -1.640868;,
		 1.484551; -0.036401; -1.589778;,
		 1.571880; -0.051182; -1.571880;,
		 1.519610; -0.044296; -1.624837;,
		 1.484551; -0.036401; -1.589778;,
		 1.536076; -0.043035; -1.536076;,
		 1.624837; -0.044296; -1.519610;,
		 1.571880; -0.051182; -1.571880;,
		 1.536076; -0.043035; -1.536076;,
		 1.589778; -0.036401; -1.484551;,
		 1.669809; -0.031417; -1.470991;,
		 1.624837; -0.044296; -1.519610;,
		 1.589778; -0.036401; -1.484551;,
		 1.640868; -0.025147; -1.442051;,
		 1.690465;  0.010993; -1.444189;,
		 1.669809; -0.031417; -1.470991;,
		 1.640868; -0.025147; -1.442051;,
		 1.674028;  0.010612; -1.427752;,
		 1.442051; -0.025147; -1.640868;,
		 1.427752;  0.010612; -1.674028;,
		 1.431854;  0.012832; -1.630672;,
		 1.484551; -0.036401; -1.589778;,
		 1.442051; -0.025147; -1.640868;,
		 1.431854;  0.012832; -1.630672;,
		 1.471619;  0.013595; -1.576846;,
		 1.536076; -0.043035; -1.536076;,
		 1.484551; -0.036401; -1.589778;,
		 1.471619;  0.013595; -1.576846;,
		 1.520594;  0.014141; -1.520594;,
		 1.589778; -0.036401; -1.484551;,
		 1.536076; -0.043035; -1.536076;,
		 1.520594;  0.014141; -1.520594;,
		 1.576846;  0.013595; -1.471619;,
		 1.640868; -0.025147; -1.442051;,
		 1.589778; -0.036401; -1.484551;,
		 1.576846;  0.013595; -1.471619;,
		 1.630672;  0.012832; -1.431854;,
		 1.674028;  0.010612; -1.427752;,
		 1.640868; -0.025147; -1.442051;,
		 1.630672;  0.012832; -1.431854;,
		 1.609746;  0.587602; -1.609746;,
		 1.566125;  0.587360; -1.648693;,
		 1.568988;  0.384470; -1.655938;,
		 1.614912;  0.384505; -1.614912;,
		 1.648693;  0.587360; -1.566125;,
		 1.609746;  0.587602; -1.609746;,
		 1.614912;  0.384505; -1.614912;,
		 1.655938;  0.384470; -1.568988;,
		 1.678595;  0.586750; -1.522587;,
		 1.648693;  0.587360; -1.566125;,
		 1.655938;  0.384470; -1.568988;,
		 1.700226;  0.384539; -1.510372;,
		 1.677502;  0.585426; -1.484259;,
		 1.678595;  0.586750; -1.522587;,
		 1.700226;  0.384539; -1.510372;,
		 1.705758;  0.384583; -1.463739;,
		 1.705758;  0.384583; -1.463739;,
		 1.686312;  0.382026; -1.443540;,
		 1.658950;  0.581764; -1.464751;,
		 1.677502;  0.585426; -1.484259;,
		 1.616416;  0.580032; -1.460809;,
		 1.658950;  0.581764; -1.464751;,
		 1.686312;  0.382026; -1.443540;,
		 1.635716;  0.381426; -1.446176;,
		 1.571891;  0.579567; -1.489647;,
		 1.616416;  0.580032; -1.460809;,
		 1.635716;  0.381426; -1.446176;,
		 1.576029;  0.381121; -1.489333;,
		 1.526482;  0.579426; -1.526482;,
		 1.571891;  0.579567; -1.489647;,
		 1.576029;  0.381121; -1.489333;,
		 1.528245;  0.381162; -1.528245;,
		 1.489647;  0.579567; -1.571891;,
		 1.526482;  0.579426; -1.526482;,
		 1.528245;  0.381162; -1.528245;,
		 1.489333;  0.381121; -1.576029;,
		 1.460809;  0.580032; -1.616416;,
		 1.489647;  0.579567; -1.571891;,
		 1.489333;  0.381121; -1.576029;,
		 1.446176;  0.381426; -1.635716;,
		 1.464751;  0.581764; -1.658950;,
		 1.460809;  0.580032; -1.616416;,
		 1.446176;  0.381426; -1.635716;,
		 1.443540;  0.382026; -1.686312;,
		 1.484259;  0.585426; -1.677502;,
		 1.464751;  0.581764; -1.658950;,
		 1.443540;  0.382026; -1.686312;,
		 1.463739;  0.384583; -1.705758;,
		 1.522587;  0.586750; -1.678595;,
		 1.484259;  0.585426; -1.677502;,
		 1.463739;  0.384583; -1.705758;,
		 1.510372;  0.384539; -1.700226;,
		 1.566125;  0.587360; -1.648693;,
		 1.522587;  0.586750; -1.678595;,
		 1.510372;  0.384539; -1.700226;,
		 1.568988;  0.384470; -1.655938;,
		 1.655938;  0.384470; -1.568988;,
		 1.614912;  0.384505; -1.614912;,
		 1.612541;  0.178313; -1.612541;,
		 1.657615;  0.178573; -1.562474;,
		 1.700226;  0.384539; -1.510372;,
		 1.655938;  0.384470; -1.568988;,
		 1.657615;  0.178573; -1.562474;,
		 1.709879;  0.179255; -1.495663;,
		 1.705758;  0.384583; -1.463739;,
		 1.700226;  0.384539; -1.510372;,
		 1.709879;  0.179255; -1.495663;,
		 1.719077;  0.181713; -1.444483;,
		 1.719077;  0.181713; -1.444483;,
		 1.698914;  0.181615; -1.423840;,
		 1.686312;  0.382026; -1.443540;,
		 1.705758;  0.384583; -1.463739;,
		 1.635716;  0.381426; -1.446176;,
		 1.686312;  0.382026; -1.443540;,
		 1.698914;  0.181615; -1.423840;,
		 1.643844;  0.184113; -1.429830;,
		 1.576029;  0.381121; -1.489333;,
		 1.635716;  0.381426; -1.446176;,
		 1.643844;  0.184113; -1.429830;,
		 1.575684;  0.185102; -1.480706;,
		 1.528245;  0.381162; -1.528245;,
		 1.576029;  0.381121; -1.489333;,
		 1.575684;  0.185102; -1.480706;,
		 1.523651;  0.185693; -1.523651;,
		 1.489333;  0.381121; -1.576029;,
		 1.528245;  0.381162; -1.528245;,
		 1.523651;  0.185693; -1.523651;,
		 1.480706;  0.185102; -1.575684;,
		 1.446176;  0.381426; -1.635716;,
		 1.489333;  0.381121; -1.576029;,
		 1.480706;  0.185102; -1.575684;,
		 1.429830;  0.184113; -1.643844;,
		 1.443540;  0.382026; -1.686312;,
		 1.446176;  0.381426; -1.635716;,
		 1.429830;  0.184113; -1.643844;,
		 1.423840;  0.181615; -1.698914;,
		 1.463739;  0.384583; -1.705758;,
		 1.443540;  0.382026; -1.686312;,
		 1.423840;  0.181615; -1.698914;,
		 1.444483;  0.181713; -1.719077;,
		 1.510372;  0.384539; -1.700226;,
		 1.463739;  0.384583; -1.705758;,
		 1.444483;  0.181713; -1.719077;,
		 1.495663;  0.179255; -1.709879;,
		 1.568988;  0.384470; -1.655938;,
		 1.510372;  0.384539; -1.700226;,
		 1.495663;  0.179255; -1.709879;,
		 1.562474;  0.178573; -1.657615;,
		 1.614912;  0.384505; -1.614912;,
		 1.568988;  0.384470; -1.655938;,
		 1.562474;  0.178573; -1.657615;,
		 1.612541;  0.178313; -1.612541;,
		 1.523651;  0.185693; -1.523651;,
		 1.575684;  0.185102; -1.480706;,
		 1.576846;  0.013595; -1.471619;,
		 1.520594;  0.014141; -1.520594;,
		 1.480706;  0.185102; -1.575684;,
		 1.523651;  0.185693; -1.523651;,
		 1.520594;  0.014141; -1.520594;,
		 1.471619;  0.013595; -1.576846;,
		 1.429830;  0.184113; -1.643844;,
		 1.480706;  0.185102; -1.575684;,
		 1.471619;  0.013595; -1.576846;,
		 1.431854;  0.012832; -1.630672;,
		 1.423840;  0.181615; -1.698914;,
		 1.429830;  0.184113; -1.643844;,
		 1.431854;  0.012832; -1.630672;,
		 1.427752;  0.010612; -1.674028;,
		 1.444483;  0.181713; -1.719077;,
		 1.423840;  0.181615; -1.698914;,
		 1.427752;  0.010612; -1.674028;,
		 1.444189;  0.010993; -1.690465;,
		 1.495663;  0.179255; -1.709879;,
		 1.444483;  0.181713; -1.719077;,
		 1.444189;  0.010993; -1.690465;,
		 1.484758;  0.008833; -1.683576;,
		 1.562474;  0.178573; -1.657615;,
		 1.495663;  0.179255; -1.709879;,
		 1.484758;  0.008833; -1.683576;,
		 1.537390;  0.008139; -1.642617;,
		 1.612541;  0.178313; -1.612541;,
		 1.562474;  0.178573; -1.657615;,
		 1.537390;  0.008139; -1.642617;,
		 1.592008;  0.007927; -1.592008;,
		 1.657615;  0.178573; -1.562474;,
		 1.612541;  0.178313; -1.612541;,
		 1.592008;  0.007927; -1.592008;,
		 1.642617;  0.008139; -1.537390;,
		 1.709879;  0.179255; -1.495663;,
		 1.657615;  0.178573; -1.562474;,
		 1.642617;  0.008139; -1.537390;,
		 1.683576;  0.008833; -1.484758;,
		 1.719077;  0.181713; -1.444483;,
		 1.709879;  0.179255; -1.495663;,
		 1.683576;  0.008833; -1.484758;,
		 1.690465;  0.010993; -1.444189;,
		 1.690465;  0.010993; -1.444189;,
		 1.674028;  0.010612; -1.427752;,
		 1.698914;  0.181615; -1.423840;,
		 1.719077;  0.181713; -1.444483;,
		 1.643844;  0.184113; -1.429830;,
		 1.698914;  0.181615; -1.423840;,
		 1.674028;  0.010612; -1.427752;,
		 1.630672;  0.012832; -1.431854;,
		 1.575684;  0.185102; -1.480706;,
		 1.643844;  0.184113; -1.429830;,
		 1.630672;  0.012832; -1.431854;,
		 1.576846;  0.013595; -1.471619;,
		 1.422728;  2.593907; -1.609205;,
		 1.427395;  2.442456; -1.560773;,
		 1.398162;  2.592055; -1.658063;,
		 1.658063;  2.592055; -1.398162;,
		 1.601198;  2.442014; -1.429820;,
		 1.560773;  2.442456; -1.427395;,
		 1.974169;  3.235884;  1.609467;,
		 1.940146;  3.557706;  1.607863;,
		 1.802412;  3.563283;  1.802412;,
		 1.818537;  3.241045;  1.818537;,
		 2.028209;  3.220335;  1.399441;,
		 1.993017;  3.541628;  1.388602;,
		 1.940146;  3.557706;  1.607863;,
		 1.974169;  3.235884;  1.609467;,
		 1.609467;  3.235884;  1.974169;,
		 1.607863;  3.557706;  1.940146;,
		 1.388602;  3.541628;  1.993017;,
		 1.399441;  3.220335;  2.028209;,
		 1.818537;  3.241045;  1.818537;,
		 1.802412;  3.563283;  1.802412;,
		 1.607863;  3.557706;  1.940146;,
		 1.609467;  3.235884;  1.974169;,
		 1.802412;  3.563283;  1.802412;,
		 1.722563;  3.874969;  1.722563;,
		 1.565233;  3.847342;  1.831034;,
		 1.607863;  3.557706;  1.940146;,
		 1.607863;  3.557706;  1.940146;,
		 1.565233;  3.847342;  1.831034;,
		 1.373080;  3.810103;  1.871243;,
		 1.388602;  3.541628;  1.993017;,
		 1.565233;  3.847342;  1.831034;,
		 1.490893;  4.052104;  1.716305;,
		 1.351699;  3.965324;  1.784271;,
		 1.373080;  3.810103;  1.871243;,
		 1.722563;  3.874969;  1.722563;,
		 1.614165;  4.091833;  1.614165;,
		 1.490893;  4.052104;  1.716305;,
		 1.565233;  3.847342;  1.831034;,
		 1.993017;  3.541628;  1.388602;,
		 1.871243;  3.810103;  1.373080;,
		 1.831034;  3.847342;  1.565233;,
		 1.940146;  3.557706;  1.607863;,
		 1.940146;  3.557706;  1.607863;,
		 1.831034;  3.847342;  1.565233;,
		 1.722563;  3.874969;  1.722563;,
		 1.802412;  3.563283;  1.802412;,
		 1.831034;  3.847342;  1.565233;,
		 1.716305;  4.052104;  1.490893;,
		 1.614165;  4.091833;  1.614165;,
		 1.722563;  3.874969;  1.722563;,
		 1.871243;  3.810103;  1.373080;,
		 1.784271;  3.965324;  1.351699;,
		 1.716305;  4.052104;  1.490893;,
		 1.831034;  3.847342;  1.565233;,
		 1.784271;  3.965324;  1.351699;,
		 1.720501;  4.051215;  1.245168;,
		 1.580863;  4.197117;  1.328438;,
		 1.716305;  4.052104;  1.490893;,
		 1.716305;  4.052104;  1.490893;,
