xof 0303txt 0032

AnimTicksPerSecond {
	30;
}
Material lambert1 {
	 1.000000; 1.000000; 1.000000; 1.000000;;
	 128.000000;
	 0.500000; 0.500000; 0.500000;;
	 0.000000; 0.000000; 0.000000;;
}
Material blinn4 {
	 1.000000; 1.000000; 1.000000; 1.000000;;
	 128.000000;
	 0.500000; 0.500000; 0.500000;;
	 0.000000; 0.000000; 0.000000;;
	TextureFileName {".\\Pancakes_D.dds";}
}
Frame Pancakes_ROOTSHJnt {
	FrameTransformMatrix {
		0.996988,0.033565,0.069911,0.000000,-0.033625,0.999434,-0.000312,0.000000,-0.069882,-0.002039,0.997553,0.000000,0.000000,1.328996,-0.000000,1.000000;;
	}
	Frame Pancakes_Head_AuxSHJnt {
		FrameTransformMatrix {
			1.000000,0.000000,-0.000000,0.000000,0.000000,1.000000,-0.000000,0.000000,-0.000000,-0.000000,1.000000,0.000000,0.000000,0.729237,0.000000,1.000000;;
		}
		Frame Pancakes_l_MiddleArm_ClavicleSHJnt {
			FrameTransformMatrix {
				0.999397,-0.034711,0.000000,0.000000,0.034711,0.999397,-0.000000,0.000000,-0.000000,0.000000,1.000000,0.000000,1.267050,-0.218771,-0.000000,1.000000;;
			}
			Frame Pancakes_l_MiddleArm_ShoulderSHJnt {
				FrameTransformMatrix {
					0.945328,0.269062,-0.184282,0.000000,-0.189264,-0.007542,-0.981897,0.000000,-0.265581,0.963093,0.043794,0.000000,1.194126,-0.018231,-0.000000,1.000000;;
				}
				Frame Pancakes_l_MiddleArm_ElbowSHJnt {
					FrameTransformMatrix {
						-0.011188,0.000000,-0.999937,0.000000,-0.000000,1.000000,-0.000000,0.000000,0.999937,0.000000,-0.011188,0.000000,1.140610,0.000000,-0.000000,1.000000;;
					}
				}
			}
		}
		Frame Pancakes_r_MiddleArm_ClavicleSHJnt {
			FrameTransformMatrix {
				0.999397,0.034711,-0.000000,0.000000,-0.034711,0.999397,-0.000000,0.000000,-0.000000,-0.000000,1.000000,0.000000,-1.267050,-0.218771,-0.000000,1.000000;;
			}
			Frame Pancakes_r_MiddleArm_ShoulderSHJnt {
				FrameTransformMatrix {
					0.920779,-0.321283,-0.221230,0.000000,-0.225988,0.022917,-0.973861,0.000000,0.317955,0.946706,-0.051505,0.000000,-1.194126,-0.018231,-0.000000,1.000000;;
				}
				Frame Pancakes_r_MiddleArm_ElbowSHJnt {
					FrameTransformMatrix {
						0.217914,0.000000,0.975968,0.000000,0.000000,1.000000,-0.000000,0.000000,-0.975968,-0.000000,0.217914,0.000000,-1.140610,0.000000,-0.000000,1.000000;;
					}
				}
			}
		}
		Frame Pancakes_Nose_01_01SHJnt {
			FrameTransformMatrix {
				0.079998,0.063794,-0.994752,0.000000,-0.000000,0.997950,0.063999,0.000000,0.996795,-0.005120,0.079834,0.000000,0.000000,-0.237002,-1.319365,1.000000;;
			}
			Frame Pancakes_Nose_01_02SHJnt {
				FrameTransformMatrix {
					0.719164,0.694840,-0.000000,0.000000,-0.694840,0.719164,-0.000000,0.000000,-0.000000,-0.000000,1.000000,0.000000,1.139433,0.000000,-0.000000,1.000000;;
				}
				Frame Pancakes_Nose_01_03SHJnt {
					FrameTransformMatrix {
						-0.100296,-0.994958,0.000000,0.000000,0.994958,-0.100296,-0.000000,0.000000,-0.000000,0.000000,1.000000,0.000000,1.139433,0.000000,-0.000000,1.000000;;
					}
					Frame Pancakes_Nose_01_04SHJnt {
						FrameTransformMatrix {
							-0.052898,-0.998600,0.000000,0.000000,0.998600,-0.052898,-0.000000,0.000000,-0.000000,0.000000,1.000000,0.000000,1.139433,0.000000,-0.000000,1.000000;;
						}
						Frame Pancakes_Nose_01_05SHJnt {
							FrameTransformMatrix {
								-0.042749,-0.999086,0.000000,0.000000,0.999086,-0.042749,-0.000000,0.000000,-0.000000,0.000000,1.000000,0.000000,1.139433,0.000000,-0.000000,1.000000;;
							}
						}
					}
				}
			}
		}
		Frame Pancakes_Tail_01_01SHJnt {
			FrameTransformMatrix {
				-0.052336,0.078330,0.995553,0.000000,-0.000000,0.996919,-0.078438,0.000000,-0.998630,-0.004105,-0.052175,0.000000,-0.000000,-0.237002,1.319365,1.000000;;
			}
			Frame Pancakes_Tail_01_02SHJnt {
				FrameTransformMatrix {
					0.793739,-0.602817,0.081185,0.000000,0.604813,0.796367,-0.000000,0.000000,-0.064653,0.049102,0.996699,0.000000,1.139433,0.000000,0.000000,1.000000;;
				}
				Frame Pancakes_Tail_01_03SHJnt {
					FrameTransformMatrix {
						0.909926,0.410521,0.059216,0.000000,-0.411242,0.911526,-0.000000,0.000000,-0.053977,-0.024352,0.998245,0.000000,1.139433,0.000000,0.000000,1.000000;;
					}
					Frame Pancakes_Tail_01_04SHJnt {
						FrameTransformMatrix {
							0.989321,0.142925,0.028579,0.000000,-0.142984,0.989725,-0.000000,0.000000,-0.028285,-0.004086,0.999592,0.000000,1.139433,0.000000,0.000000,1.000000;;
						}
						Frame Pancakes_Tail_01_05SHJnt {
							FrameTransformMatrix {
								0.996730,0.080596,-0.005790,0.000000,-0.080597,0.996747,0.000000,0.000000,0.005772,0.000467,0.999983,0.000000,1.139433,0.000000,0.000000,1.000000;;
							}
						}
					}
				}
			}
		}
	}
	Frame Pancakes_l_FrontArm_ClavicleSHJnt {
		FrameTransformMatrix {
			0.705474,-0.067918,-0.705474,0.000000,0.048025,0.997691,-0.048025,0.000000,0.707107,-0.000000,0.707107,0.000000,0.895940,-0.027346,-0.895940,1.000000;;
		}
		Frame Pancakes_l_FrontArm_ShoulderSHJnt {
			FrameTransformMatrix {
				0.900761,0.391919,0.187162,0.000000,0.172601,0.072417,-0.982326,0.000000,-0.398546,0.917145,-0.002415,0.000000,1.194126,-0.018231,0.000000,1.000000;;
			}
			Frame Pancakes_l_FrontArm_ElbowSHJnt {
				FrameTransformMatrix {
					0.355788,0.000000,-0.934567,0.000000,-0.000000,1.000000,-0.000000,0.000000,0.934567,0.000000,0.355788,0.000000,1.140610,0.000000,0.000000,1.000000;;
				}
			}
		}
	}
	Frame Pancakes_r_FrontArm_ClavicleSHJnt {
		FrameTransformMatrix {
			0.705474,0.067918,0.705474,0.000000,-0.048025,0.997691,-0.048025,0.000000,-0.707107,-0.000000,0.707107,0.000000,-0.895940,-0.027346,-0.895940,1.000000;;
		}
		Frame Pancakes_r_FrontArm_ShoulderSHJnt {
			FrameTransformMatrix {
				0.744545,-0.622732,-0.240536,0.000000,-0.280472,0.035172,-0.959218,0.000000,0.605796,0.781644,-0.148471,0.000000,-1.194126,-0.018231,-0.000000,1.000000;;
			}
			Frame Pancakes_r_FrontArm_ElbowSHJnt {
				FrameTransformMatrix {
					0.081138,0.000000,0.996703,0.000000,0.000000,1.000000,-0.000000,0.000000,-0.996703,-0.000000,0.081138,0.000000,-1.140610,0.000000,0.000000,1.000000;;
				}
			}
		}
	}
	Frame Pancakes_l_BackArm_ClavicleSHJnt {
		FrameTransformMatrix {
			0.705598,-0.065297,0.705598,0.000000,0.046172,0.997866,0.046172,0.000000,-0.707107,-0.000000,0.707107,0.000000,0.895940,-0.027346,0.895940,1.000000;;
		}
		Frame Pancakes_l_BackArm_ShoulderSHJnt {
			FrameTransformMatrix {
				0.898563,0.273420,-0.343258,0.000000,-0.339720,-0.061761,-0.938497,0.000000,-0.277804,0.959910,0.037390,0.000000,1.194126,-0.018231,0.000000,1.000000;;
			}
			Frame Pancakes_l_BackArm_ElbowSHJnt {
				FrameTransformMatrix {
					0.539659,0.000000,-0.841884,0.000000,-0.000000,1.000000,-0.000000,0.000000,0.841884,0.000000,0.539659,0.000000,1.140610,-0.000000,0.000000,1.000000;;
				}
			}
		}
	}
	Frame Pancakes_r_BackArm_ClavicleSHJnt {
		FrameTransformMatrix {
			0.705598,0.065297,-0.705598,0.000000,-0.046172,0.997866,0.046172,0.000000,0.707107,-0.000000,0.707107,0.000000,-0.895940,-0.027346,0.895940,1.000000;;
		}
		Frame Pancakes_r_BackArm_ShoulderSHJnt {
			FrameTransformMatrix {
				0.735707,-0.676624,0.030244,0.000000,0.025918,-0.016496,-0.999528,0.000000,0.676803,0.736144,0.005400,0.000000,-1.194126,-0.018231,-0.000000,1.000000;;
			}
			Frame Pancakes_r_BackArm_ElbowSHJnt {
				FrameTransformMatrix {
					-0.040205,0.000000,0.999191,0.000000,0.000000,1.000000,-0.000000,0.000000,-0.999191,-0.000000,-0.040205,0.000000,-1.140610,-0.000000,0.000000,1.000000;;
				}
			}
		}
	}
	Frame Pancakes_l_EyeBase_AuxSHJnt {
		FrameTransformMatrix {
			0.892460,0.000000,0.451126,0.000000,0.151381,0.942018,-0.299475,0.000000,-0.424969,0.335562,0.840714,0.000000,0.871684,0.446845,-2.013778,1.000000;;
		}
		Frame Pancakes_l_Pupil_AuxSHJnt {
			FrameTransformMatrix {
				0.634873,0.000000,-0.772616,0.000000,-0.000000,1.000000,-0.000000,0.000000,0.772616,0.000000,0.634873,0.000000,-0.149278,0.028548,-0.122665,1.000000;;
			}
		}
		Frame Pancakes_l_UpperLidClosed_AuxSHJnt {
			FrameTransformMatrix {
				1.000000,0.000000,-0.000000,0.000000,0.000000,1.000000,-0.000000,0.000000,-0.000000,-0.000000,1.000000,0.000000,-0.000000,0.000000,0.000000,1.000000;;
			}
		}
		Frame Pancakes_l_UpperLidOpen_AuxSHJnt {
			FrameTransformMatrix {
				0.001000,0.000000,-0.000000,0.000000,0.000000,0.001000,-0.000000,0.000000,-0.000000,-0.000000,0.001000,0.000000,-0.000000,0.000000,0.000000,1.000000;;
			}
		}
		Frame Pancakes_l_LowerLidOpen_AuxSHJnt {
			FrameTransformMatrix {
				0.001000,0.000000,-0.000000,0.000000,0.000000,0.001000,-0.000000,0.000000,-0.000000,-0.000000,0.001000,0.000000,-0.000000,0.000000,0.000000,1.000000;;
			}
		}
		Frame Pancakes_l_LowerLidClosed_AuxSHJnt {
			FrameTransformMatrix {
				0.001000,0.000000,-0.000000,0.000000,0.000000,0.001000,-0.000000,0.000000,-0.000000,-0.000000,0.001000,0.000000,-0.000000,0.000000,0.000000,1.000000;;
			}
		}
	}
	Frame Pancakes_r_EyeBase_AuxSHJnt {
		FrameTransformMatrix {
			0.892460,0.000000,-0.451126,0.000000,-0.151381,0.942018,-0.299475,0.000000,0.424969,0.335562,0.840714,0.000000,-0.871684,0.446845,-2.013778,1.000000;;
		}
		Frame Pancakes_r_Pupil_AuxSHJnt {
			FrameTransformMatrix {
				0.634873,0.000000,-0.772616,0.000000,-0.000000,1.000000,-0.000000,0.000000,0.772616,0.000000,0.634873,0.000000,-0.149278,0.028548,-0.122665,1.000000;;
			}
		}
		Frame Pancakes_r_UpperLidClosed_AuxSHJnt {
			FrameTransformMatrix {
				1.000000,0.000000,-0.000000,0.000000,0.000000,1.000000,-0.000000,0.000000,-0.000000,-0.000000,1.000000,0.000000,-0.000000,-0.000000,-0.000000,1.000000;;
			}
		}
		Frame Pancakes_r_UpperLidOpen_AuxSHJnt {
			FrameTransformMatrix {
				0.001000,0.000000,-0.000000,0.000000,0.000000,0.001000,-0.000000,0.000000,-0.000000,-0.000000,0.001000,0.000000,-0.000000,-0.000000,-0.000000,1.000000;;
			}
		}
		Frame Pancakes_r_LowerLidOpen_AuxSHJnt {
			FrameTransformMatrix {
				0.001000,0.000000,-0.000000,0.000000,0.000000,0.001000,-0.000000,0.000000,-0.000000,-0.000000,0.001000,0.000000,-0.000000,-0.000000,-0.000000,1.000000;;
			}
		}
		Frame Pancakes_r_LowerLidClosed_AuxSHJnt {
			FrameTransformMatrix {
				0.001000,0.000000,-0.000000,0.000000,0.000000,0.001000,-0.000000,0.000000,-0.000000,-0.000000,0.001000,0.000000,-0.000000,-0.000000,-0.000000,1.000000;;
			}
		}
	}
}
Frame PancakeGeo {
	FrameTransformMatrix {
		1.000000,0.000000,-0.000000,0.000000,0.000000,1.000000,-0.000000,0.000000,-0.000000,-0.000000,1.000000,0.000000,0.000000,0.000000,-0.000000,1.000000;;
	}
	Mesh PancakeGeoShape {
		10832;
		-1.240483;  0.400000;  0.679375;,
		-1.162948;  0.400000;  0.670920;,
		-1.195094;  0.500000;  0.692190;,
		-1.031059;  0.400000;  0.706000;,
		-0.908587;  0.400000;  0.924205;,
		-0.936578;  0.500000;  0.950706;,
		-1.060262;  0.500000;  0.731159;,
		-0.908587;  0.400000;  0.924205;,
		-0.786757;  0.400000;  1.110886;,
		-0.814192;  0.500000;  1.137964;,
		-0.936578;  0.500000;  0.950706;,
		-0.786757;  0.400000;  1.110886;,
		-0.690485;  0.400000;  1.217082;,
		-0.718879;  0.500000;  1.243151;,
		-0.814192;  0.500000;  1.137964;,
		-1.538942;  0.450000;  0.865221;,
		-1.506153;  0.550000;  0.898010;,
		-1.747718;  0.550000;  1.193846;,
		-1.780508;  0.450000;  1.161057;,
		-1.389420;  0.550000;  1.014743;,
		-1.202082;  0.550000;  1.202082;,
		-1.471668;  0.550000;  1.469897;,
		-1.645590;  0.550000;  1.295974;,
		-1.202082;  0.550000;  1.202082;,
		-1.041678;  0.550000;  1.362485;,
		-1.321144;  0.550000;  1.620421;,
		-1.471668;  0.550000;  1.469897;,
		-1.041678;  0.550000;  1.362485;,
		-0.949381;  0.550000;  1.454782;,
		-1.236661;  0.550000;  1.704903;,
		-1.321144;  0.550000;  1.620421;,
		-1.780508;  0.450000;  1.161057;,
		-1.747718;  0.550000;  1.193846;,
		-1.961896;  0.500000;  1.517069;,
		-1.994686;  0.400000;  1.484279;,
		-1.645590;  0.550000;  1.295974;,
		-1.471668;  0.550000;  1.469897;,
		-1.739483;  0.500000;  1.739483;,
		-1.887665;  0.500000;  1.591300;,
		-1.471668;  0.550000;  1.469897;,
		-1.321144;  0.550000;  1.620421;,
		-1.562163;  0.500000;  1.916802;,
		-1.739483;  0.500000;  1.739483;,
		-1.321144;  0.550000;  1.620421;,
		-1.236661;  0.550000;  1.704903;,
		-1.441814;  0.500000;  2.037152;,
		-1.562163;  0.500000;  1.916802;,
		-1.994686;  0.400000;  1.484279;,
		-1.961896;  0.500000;  1.517069;,
		-2.245916;  0.500000;  1.770451;,
		-2.278706;  0.400000;  1.737661;,
		-1.887665;  0.500000;  1.591300;,
		-1.739483;  0.500000;  1.739483;,
		-2.008183;  0.500000;  2.008183;,
		-2.165023;  0.500000;  1.851343;,
		-1.739483;  0.500000;  1.739483;,
		-1.562163;  0.500000;  1.916802;,
		-1.822128;  0.500000;  2.194239;,
		-2.008183;  0.500000;  2.008183;,
		-1.562163;  0.500000;  1.916802;,
		-1.441814;  0.500000;  2.037152;,
		-1.690688;  0.500000;  2.325679;,
		-1.822128;  0.500000;  2.194239;,
		-2.278706;  0.400000;  1.737661;,
		-2.245916;  0.500000;  1.770451;,
		-2.520646;  0.550000;  2.033122;,
		-2.553436;  0.450000;  2.000332;,
		-2.165023;  0.500000;  1.851343;,
		-2.008183;  0.500000;  2.008183;,
		-2.276884;  0.550000;  2.276884;,
		-2.435507;  0.550000;  2.118261;,
		-2.008183;  0.500000;  2.008183;,
		-1.822128;  0.500000;  2.194239;,
		-2.098084;  0.550000;  2.455684;,
		-2.276884;  0.550000;  2.276884;,
		-1.822128;  0.500000;  2.194239;,
		-1.690688;  0.500000;  2.325679;,
		-1.983239;  0.550000;  2.570529;,
		-2.098084;  0.550000;  2.455684;,
		-2.553436;  0.450000;  2.000332;,
		-2.520646;  0.550000;  2.033122;,
		-2.773883;  0.570000;  2.317285;,
		-2.806673;  0.470000;  2.284495;,
		-2.435507;  0.550000;  2.118261;,
		-2.276884;  0.550000;  2.276884;,
		-2.545584;  0.570000;  2.545584;,
		-2.696181;  0.570000;  2.394988;,
		-2.276884;  0.550000;  2.276884;,
		-2.098084;  0.550000;  2.455684;,
		-2.389835;  0.570000;  2.701334;,
		-2.545584;  0.570000;  2.545584;,
		-2.098084;  0.550000;  2.455684;,
		-1.983239;  0.550000;  2.570529;,
		-2.299256;  0.570000;  2.791913;,
		-2.389835;  0.570000;  2.701334;,
		-2.806673;  0.470000;  2.284495;,
		-2.773883;  0.570000;  2.317285;,
		-3.021127;  0.550000;  2.607443;,
		-3.053916;  0.450000;  2.574654;,
		-2.696181;  0.570000;  2.394988;,
		-2.545584;  0.570000;  2.545584;,
		-2.814285;  0.550000;  2.814285;,
		-2.956049;  0.550000;  2.672520;,
		-2.545584;  0.570000;  2.545584;,
		-2.389835;  0.570000;  2.701334;,
		-2.629032;  0.550000;  2.999538;,
		-2.814285;  0.550000;  2.814285;,
		-2.389835;  0.570000;  2.701334;,
		-2.299256;  0.570000;  2.791913;,
		-2.501530;  0.550000;  3.127040;,
		-2.629032;  0.550000;  2.999538;,
		-3.053916;  0.450000;  2.574654;,
		-3.021127;  0.550000;  2.607443;,
		-3.316288;  0.500000;  2.849683;,
		-3.349077;  0.400000;  2.816893;,
		-2.956049;  0.550000;  2.672520;,
		-2.814285;  0.550000;  2.814285;,
		-3.082985;  0.500000;  3.082985;,
		-3.237407;  0.500000;  2.928563;,
		-2.814285;  0.550000;  2.814285;,
		-2.629032;  0.550000;  2.999538;,
		-2.904134;  0.500000;  3.261837;,
		-3.082985;  0.500000;  3.082985;,
		-2.629032;  0.550000;  2.999538;,
		-2.501530;  0.550000;  3.127040;,
		-2.782691;  0.500000;  3.383280;,
		-2.904134;  0.500000;  3.261837;,
		-3.349077;  0.400000;  2.816893;,
		-3.316288;  0.500000;  2.849683;,
		-3.567286;  0.500000;  3.136086;,
		-3.600076;  0.400000;  3.103296;,
		-3.237407;  0.500000;  2.928563;,
		-3.082985;  0.500000;  3.082985;,
		-3.351686;  0.500000;  3.351686;,
		-3.497196;  0.500000;  3.206176;,
		-3.082985;  0.500000;  3.082985;,
		-2.904134;  0.500000;  3.261837;,
		-3.172518;  0.500000;  3.530854;,
		-3.351686;  0.500000;  3.351686;,
		-2.904134;  0.500000;  3.261837;,
		-2.782691;  0.500000;  3.383280;,
		-3.050185;  0.500000;  3.653187;,
		-3.172518;  0.500000;  3.530854;,
		-3.600076;  0.400000;  3.103296;,
		-3.567286;  0.500000;  3.136086;,
		-3.851078;  0.550000;  3.389695;,
		-3.883868;  0.450000;  3.356906;,
		-3.497196;  0.500000;  3.206176;,
		-3.351686;  0.500000;  3.351686;,
		-3.620387;  0.550000;  3.620387;,
		-3.773742;  0.550000;  3.467031;,
		-3.351686;  0.500000;  3.351686;,
		-3.172518;  0.500000;  3.530854;,
		-3.437010;  0.550000;  3.803763;,
		-3.620387;  0.550000;  3.620387;,
		-3.172518;  0.500000;  3.530854;,
		-3.050185;  0.500000;  3.653187;,
		-3.310791;  0.550000;  3.929983;,
		-3.437010;  0.550000;  3.803763;,
		-3.883868;  0.450000;  3.356906;,
		-3.851078;  0.550000;  3.389695;,
		-4.123434;  0.550000;  3.654740;,
		-4.156224;  0.450000;  3.621950;,
		-3.773742;  0.550000;  3.467031;,
		-3.620387;  0.550000;  3.620387;,
		-3.889087;  0.550000;  3.889087;,
		-4.043602;  0.550000;  3.734572;,
		-3.620387;  0.550000;  3.620387;,
		-3.437010;  0.550000;  3.803763;,
		-3.713345;  0.550000;  4.064829;,
		-3.889087;  0.550000;  3.889087;,
		-3.437010;  0.550000;  3.803763;,
		-3.310791;  0.550000;  3.929983;,
		-3.596385;  0.550000;  4.181789;,
		-3.713345;  0.550000;  4.064829;,
		-4.156224;  0.450000;  3.621950;,
		-4.123434;  0.550000;  3.654740;,
		-4.320043;  0.500000;  3.859932;,
		-4.342379;  0.400000;  3.818975;,
		-4.043602;  0.550000;  3.734572;,
		-3.889087;  0.550000;  3.889087;,
		-4.128094;  0.500000;  4.128094;,
		-4.265059;  0.500000;  3.960949;,
		-3.889087;  0.550000;  3.889087;,
		-3.713345;  0.550000;  4.064829;,
		-3.979164;  0.500000;  4.350360;,
		-4.128094;  0.500000;  4.128094;,
		-3.713345;  0.550000;  4.064829;,
		-3.596385;  0.550000;  4.181789;,
		-3.850429;  0.500000;  4.464806;,
		-3.979164;  0.500000;  4.350360;,
		-1.162948;  0.400000;  0.670920;,
		-1.031059;  0.400000;  0.706000;,
		-1.060262;  0.500000;  0.731159;,
		-1.195094;  0.500000;  0.692190;,
		-1.747718;  0.550000;  1.193846;,
		-1.506153;  0.550000;  0.898010;,
		-1.389420;  0.550000;  1.014743;,
		-1.645590;  0.550000;  1.295974;,
		-1.961896;  0.500000;  1.517069;,
		-1.747718;  0.550000;  1.193846;,
		-1.645590;  0.550000;  1.295974;,
		-1.887665;  0.500000;  1.591300;,
		-2.245916;  0.500000;  1.770451;,
		-1.961896;  0.500000;  1.517069;,
		-1.887665;  0.500000;  1.591300;,
		-2.165023;  0.500000;  1.851343;,
		-2.520646;  0.550000;  2.033122;,
		-2.245916;  0.500000;  1.770451;,
		-2.165023;  0.500000;  1.851343;,
		-2.435507;  0.550000;  2.118261;,
		-2.773883;  0.570000;  2.317285;,
		-2.520646;  0.550000;  2.033122;,
		-2.435507;  0.550000;  2.118261;,
		-2.696181;  0.570000;  2.394988;,
		-3.021127;  0.550000;  2.607443;,
		-2.773883;  0.570000;  2.317285;,
		-2.696181;  0.570000;  2.394988;,
		-2.956049;  0.550000;  2.672520;,
		-3.316288;  0.500000;  2.849683;,
		-3.021127;  0.550000;  2.607443;,
		-2.956049;  0.550000;  2.672520;,
		-3.237407;  0.500000;  2.928563;,
		-3.567286;  0.500000;  3.136086;,
		-3.316288;  0.500000;  2.849683;,
		-3.237407;  0.500000;  2.928563;,
		-3.497196;  0.500000;  3.206176;,
		-3.851078;  0.550000;  3.389695;,
		-3.567286;  0.500000;  3.136086;,
		-3.497196;  0.500000;  3.206176;,
		-3.773742;  0.550000;  3.467031;,
		-4.123434;  0.550000;  3.654740;,
		-3.851078;  0.550000;  3.389695;,
		-3.773742;  0.550000;  3.467031;,
		-4.043602;  0.550000;  3.734572;,
		-4.320043;  0.500000;  3.859932;,
		-4.123434;  0.550000;  3.654740;,
		-4.043602;  0.550000;  3.734572;,
		-4.265059;  0.500000;  3.960949;,
		-0.690485;  0.400000;  1.217082;,
		-0.695305;  0.400000;  1.269155;,
		-0.718879;  0.500000;  1.243151;,
		-1.236661;  0.550000;  1.704903;,
		-0.949381;  0.550000;  1.454782;,
		-0.924560;  0.450000;  1.479603;,
		-1.211841;  0.450000;  1.729724;,
		-1.441814;  0.500000;  2.037152;,
		-1.236661;  0.550000;  1.704903;,
		-1.211841;  0.450000;  1.729724;,
		-1.416993;  0.400000;  2.061972;,
		-1.690688;  0.500000;  2.325679;,
		-1.441814;  0.500000;  2.037152;,
		-1.416993;  0.400000;  2.061972;,
		-1.665867;  0.400000;  2.350500;,
		-1.983239;  0.550000;  2.570529;,
		-1.690688;  0.500000;  2.325679;,
		-1.665867;  0.400000;  2.350500;,
		-1.958419;  0.450000;  2.595349;,
		-2.299256;  0.570000;  2.791913;,
		-1.983239;  0.550000;  2.570529;,
		-1.958419;  0.450000;  2.595349;,
		-2.274435;  0.470000;  2.816734;,
		-2.501530;  0.550000;  3.127040;,
		-2.299256;  0.570000;  2.791913;,
		-2.274435;  0.470000;  2.816734;,
		-2.476709;  0.450000;  3.151860;,
		-2.782691;  0.500000;  3.383280;,
		-2.501530;  0.550000;  3.127040;,
		-2.476709;  0.450000;  3.151860;,
		-2.757870;  0.400000;  3.408101;,
		-3.050185;  0.500000;  3.653187;,
		-2.782691;  0.500000;  3.383280;,
		-2.757870;  0.400000;  3.408101;,
		-3.025364;  0.400000;  3.678008;,
		-3.310791;  0.550000;  3.929983;,
		-3.050185;  0.500000;  3.653187;,
		-3.025364;  0.400000;  3.678008;,
		-3.285970;  0.450000;  3.954804;,
		-3.596385;  0.550000;  4.181789;,
		-3.310791;  0.550000;  3.929983;,
		-3.285970;  0.450000;  3.954804;,
		-3.571565;  0.450000;  4.206610;,
		-3.850429;  0.500000;  4.464806;,
		-3.596385;  0.550000;  4.181789;,
		-3.571565;  0.450000;  4.206610;,
		-3.824200;  0.400000;  4.488126;,
		-0.718879;  0.500000;  1.243151;,
		-0.695305;  0.400000;  1.269155;,
		-0.924560;  0.450000;  1.479603;,
		-0.949381;  0.550000;  1.454782;,
		-0.814192;  0.500000;  1.137964;,
		-0.718879;  0.500000;  1.243151;,
		-0.949381;  0.550000;  1.454782;,
		-1.041678;  0.550000;  1.362485;,
		-0.936578;  0.500000;  0.950706;,
		-0.814192;  0.500000;  1.137964;,
		-1.041678;  0.550000;  1.362485;,
		-1.202082;  0.550000;  1.202082;,
		-1.060262;  0.500000;  0.731159;,
		-0.936578;  0.500000;  0.950706;,
		-1.202082;  0.550000;  1.202082;,
		-1.389420;  0.550000;  1.014743;,
		-1.195094;  0.500000;  0.692190;,
		-1.060262;  0.500000;  0.731159;,
		-1.389420;  0.550000;  1.014743;,
		-1.506153;  0.550000;  0.898010;,
		-1.240483;  0.400000;  0.679375;,
		-1.195094;  0.500000;  0.692190;,
		-1.506153;  0.550000;  0.898010;,
		-1.538942;  0.450000;  0.865221;,
		-3.878480;  0.400000;  4.496057;,
		-3.850429;  0.500000;  4.464806;,
		-3.824200;  0.400000;  4.488126;,
		-3.979164;  0.500000;  4.350360;,
		-3.850429;  0.500000;  4.464806;,
		-3.878480;  0.400000;  4.496057;,
		-4.007779;  0.400000;  4.381096;,
		-4.128094;  0.500000;  4.128094;,
		-3.979164;  0.500000;  4.350360;,
		-4.007779;  0.400000;  4.381096;,
		-4.157788;  0.400000;  4.157788;,
		-4.265059;  0.500000;  3.960949;,
		-4.128094;  0.500000;  4.128094;,
		-4.157788;  0.400000;  4.157788;,
		-4.294425;  0.400000;  3.990968;,
		-4.349096;  0.400000;  3.890253;,
		-4.320043;  0.500000;  3.859932;,
		-4.265059;  0.500000;  3.960949;,
		-4.294425;  0.400000;  3.990968;,
		-4.342379;  0.400000;  3.818975;,
		-4.320043;  0.500000;  3.859932;,
		-4.349096;  0.400000;  3.890253;,
		-1.389420;  0.450000;  1.014743;,
		-1.645590;  0.450000;  1.295974;,
		-1.471668;  0.450000;  1.469897;,
		-1.202082;  0.450000;  1.202082;,
		-1.202082;  0.450000;  1.202082;,
		-1.471668;  0.450000;  1.469897;,
		-1.321144;  0.450000;  1.620421;,
		-1.041678;  0.450000;  1.362485;,
		-1.645590;  0.450000;  1.295974;,
		-1.887665;  0.400000;  1.591300;,
		-1.739483;  0.400000;  1.739483;,
		-1.471668;  0.450000;  1.469897;,
		-1.471668;  0.450000;  1.469897;,
		-1.739483;  0.400000;  1.739483;,
		-1.562163;  0.400000;  1.916802;,
		-1.321144;  0.450000;  1.620421;,
		-1.887665;  0.400000;  1.591300;,
		-2.165023;  0.400000;  1.851343;,
		-2.008183;  0.400000;  2.008183;,
		-1.739483;  0.400000;  1.739483;,
		-1.739483;  0.400000;  1.739483;,
		-2.008183;  0.400000;  2.008183;,
		-1.822128;  0.400000;  2.194239;,
		-1.562163;  0.400000;  1.916802;,
		-2.165023;  0.400000;  1.851343;,
		-2.435507;  0.450000;  2.118261;,
		-2.276884;  0.450000;  2.276884;,
		-2.008183;  0.400000;  2.008183;,
		-2.008183;  0.400000;  2.008183;,
		-2.276884;  0.450000;  2.276884;,
		-2.098084;  0.450000;  2.455684;,
		-1.822128;  0.400000;  2.194239;,
		-2.435507;  0.450000;  2.118261;,
		-2.696181;  0.470000;  2.394988;,
		-2.545584;  0.470000;  2.545584;,
		-2.276884;  0.450000;  2.276884;,
		-2.276884;  0.450000;  2.276884;,
		-2.545584;  0.470000;  2.545584;,
		-2.389835;  0.470000;  2.701334;,
		-2.098084;  0.450000;  2.455684;,
		-2.696181;  0.470000;  2.394988;,
		-2.956049;  0.450000;  2.672520;,
		-2.814285;  0.450000;  2.814285;,
		-2.545584;  0.470000;  2.545584;,
		-2.545584;  0.470000;  2.545584;,
		-2.814285;  0.450000;  2.814285;,
		-2.629032;  0.450000;  2.999538;,
		-2.389835;  0.470000;  2.701334;,
		-2.956049;  0.450000;  2.672520;,
		-3.237407;  0.400000;  2.928563;,
		-3.082985;  0.400000;  3.082985;,
		-2.814285;  0.450000;  2.814285;,
		-2.814285;  0.450000;  2.814285;,
		-3.082985;  0.400000;  3.082985;,
		-2.904134;  0.400000;  3.261837;,
		-2.629032;  0.450000;  2.999538;,
		-3.237407;  0.400000;  2.928563;,
		-3.497196;  0.400000;  3.206176;,
		-3.351686;  0.400000;  3.351686;,
		-3.082985;  0.400000;  3.082985;,
		-3.082985;  0.400000;  3.082985;,
		-3.351686;  0.400000;  3.351686;,
		-3.172518;  0.400000;  3.530854;,
		-2.904134;  0.400000;  3.261837;,
		-3.497196;  0.400000;  3.206176;,
		-3.773742;  0.450000;  3.467031;,
		-3.620387;  0.450000;  3.620387;,
		-3.351686;  0.400000;  3.351686;,
		-3.351686;  0.400000;  3.351686;,
		-3.620387;  0.450000;  3.620387;,
		-3.437010;  0.450000;  3.803763;,
		-3.172518;  0.400000;  3.530854;,
		-3.773742;  0.450000;  3.467031;,
		-4.043602;  0.450000;  3.734572;,
		-3.889087;  0.450000;  3.889087;,
		-3.620387;  0.450000;  3.620387;,
		-3.620387;  0.450000;  3.620387;,
		-3.889087;  0.450000;  3.889087;,
		-3.713345;  0.450000;  4.064829;,
		-3.437010;  0.450000;  3.803763;,
		-4.043602;  0.450000;  3.734572;,
		-4.294425;  0.400000;  3.990968;,
		-4.157788;  0.400000;  4.157788;,
		-3.889087;  0.450000;  3.889087;,
		-3.889087;  0.450000;  3.889087;,
		-4.157788;  0.400000;  4.157788;,
		-4.007779;  0.400000;  4.381096;,
		-3.713345;  0.450000;  4.064829;,
		-1.031059;  0.400000;  0.706000;,
		-1.162948;  0.400000;  0.670920;,
		-1.240483;  0.400000;  0.679375;,
		-1.780508;  0.450000;  1.161057;,
		-1.645590;  0.450000;  1.295974;,
		-1.389420;  0.450000;  1.014743;,
		-1.538942;  0.450000;  0.865221;,
		-1.994686;  0.400000;  1.484279;,
		-1.887665;  0.400000;  1.591300;,
		-1.645590;  0.450000;  1.295974;,
		-1.780508;  0.450000;  1.161057;,
		-2.278706;  0.400000;  1.737661;,
		-2.165023;  0.400000;  1.851343;,
		-1.887665;  0.400000;  1.591300;,
		-1.994686;  0.400000;  1.484279;,
		-2.553436;  0.450000;  2.000332;,
		-2.435507;  0.450000;  2.118261;,
		-2.165023;  0.400000;  1.851343;,
		-2.278706;  0.400000;  1.737661;,
		-2.806673;  0.470000;  2.284495;,
		-2.696181;  0.470000;  2.394988;,
		-2.435507;  0.450000;  2.118261;,
		-2.553436;  0.450000;  2.000332;,
		-3.053916;  0.450000;  2.574654;,
		-2.956049;  0.450000;  2.672520;,
		-2.696181;  0.470000;  2.394988;,
		-2.806673;  0.470000;  2.284495;,
		-3.349077;  0.400000;  2.816893;,
		-3.237407;  0.400000;  2.928563;,
		-2.956049;  0.450000;  2.672520;,
		-3.053916;  0.450000;  2.574654;,
		-3.600076;  0.400000;  3.103296;,
		-3.497196;  0.400000;  3.206176;,
		-3.237407;  0.400000;  2.928563;,
		-3.349077;  0.400000;  2.816893;,
		-3.883868;  0.450000;  3.356906;,
		-3.773742;  0.450000;  3.467031;,
		-3.497196;  0.400000;  3.206176;,
		-3.600076;  0.400000;  3.103296;,
		-4.156224;  0.450000;  3.621950;,
		-4.043602;  0.450000;  3.734572;,
		-3.773742;  0.450000;  3.467031;,
		-3.883868;  0.450000;  3.356906;,
		-4.294425;  0.400000;  3.990968;,
		-4.043602;  0.450000;  3.734572;,
		-4.156224;  0.450000;  3.621950;,
		-4.342379;  0.400000;  3.818975;,
		-0.695305;  0.400000;  1.269155;,
		-0.690485;  0.400000;  1.217082;,
		-0.786757;  0.400000;  1.110886;,
		-1.321144;  0.450000;  1.620421;,
		-1.211841;  0.450000;  1.729724;,
		-0.924560;  0.450000;  1.479603;,
		-1.041678;  0.450000;  1.362485;,
		-1.562163;  0.400000;  1.916802;,
		-1.416993;  0.400000;  2.061972;,
		-1.211841;  0.450000;  1.729724;,
		-1.321144;  0.450000;  1.620421;,
		-1.822128;  0.400000;  2.194239;,
		-1.665867;  0.400000;  2.350500;,
		-1.416993;  0.400000;  2.061972;,
		-1.562163;  0.400000;  1.916802;,
		-2.098084;  0.450000;  2.455684;,
		-1.958419;  0.450000;  2.595349;,
		-1.665867;  0.400000;  2.350500;,
		-1.822128;  0.400000;  2.194239;,
		-2.389835;  0.470000;  2.701334;,
		-2.274435;  0.470000;  2.816734;,
		-1.958419;  0.450000;  2.595349;,
		-2.098084;  0.450000;  2.455684;,
		-2.629032;  0.450000;  2.999538;,
		-2.476709;  0.450000;  3.151860;,
		-2.274435;  0.470000;  2.816734;,
		-2.389835;  0.470000;  2.701334;,
		-2.904134;  0.400000;  3.261837;,
		-2.757870;  0.400000;  3.408101;,
		-2.476709;  0.450000;  3.151860;,
		-2.629032;  0.450000;  2.999538;,
		-3.172518;  0.400000;  3.530854;,
		-3.025364;  0.400000;  3.678008;,
		-2.757870;  0.400000;  3.408101;,
		-2.904134;  0.400000;  3.261837;,
		-3.437010;  0.450000;  3.803763;,
		-3.285970;  0.450000;  3.954804;,
		-3.025364;  0.400000;  3.678008;,
		-3.172518;  0.400000;  3.530854;,
		-3.713345;  0.450000;  4.064829;,
		-3.571565;  0.450000;  4.206610;,
		-3.285970;  0.450000;  3.954804;,
		-3.437010;  0.450000;  3.803763;,
		-3.824200;  0.400000;  4.488126;,
		-3.571565;  0.450000;  4.206610;,
		-3.713345;  0.450000;  4.064829;,
		-4.007779;  0.400000;  4.381096;,
		-1.041678;  0.450000;  1.362485;,
		-0.924560;  0.450000;  1.479603;,
		-0.695305;  0.400000;  1.269155;,
		-0.786757;  0.400000;  1.110886;,
		-0.908587;  0.400000;  0.924205;,
		-1.202082;  0.450000;  1.202082;,
		-1.041678;  0.450000;  1.362485;,
		-0.786757;  0.400000;  1.110886;,
		-1.031059;  0.400000;  0.706000;,
		-1.389420;  0.450000;  1.014743;,
		-1.202082;  0.450000;  1.202082;,
		-0.908587;  0.400000;  0.924205;,
		-1.538942;  0.450000;  0.865221;,
		-1.389420;  0.450000;  1.014743;,
		-1.031059;  0.400000;  0.706000;,
		-1.240483;  0.400000;  0.679375;,
		-3.878480;  0.400000;  4.496057;,
		-3.824200;  0.400000;  4.488126;,
		-4.007779;  0.400000;  4.381096;,
		-4.349096;  0.400000;  3.890253;,
		-4.294425;  0.400000;  3.990968;,
		-4.342379;  0.400000;  3.818975;,
		-0.660233;  0.400000; -1.228157;,
		-0.662362;  0.400000; -1.182706;,
		-0.689144;  0.500000; -1.200281;,
		-0.759927;  0.400000; -1.088648;,
		-0.935301;  0.400000; -0.931461;,
		-0.957952;  0.500000; -0.954113;,
		-0.784654;  0.500000; -1.109014;,
		-0.935301;  0.400000; -0.931461;,
		-1.082022;  0.400000; -0.643792;,
		-1.102316;  0.500000; -0.668578;,
		-0.957952;  0.500000; -0.954113;,
		-1.082022;  0.400000; -0.643792;,
		-1.164637;  0.400000; -0.607252;,
		-1.189443;  0.500000; -0.627522;,
		-1.102316;  0.500000; -0.668578;,
		-0.971545;  0.450000; -1.432618;,
		-0.999934;  0.550000; -1.404229;,
		-1.283751;  0.550000; -1.657813;,
		-1.255362;  0.450000; -1.686202;,
		-1.064584;  0.550000; -1.339580;,
		-1.204001;  0.550000; -1.200162;,
		-1.472702;  0.550000; -1.468862;,
		-1.343368;  0.550000; -1.598197;,
		-1.204001;  0.550000; -1.200162;,
		-1.387409;  0.550000; -1.016754;,
		-1.661585;  0.550000; -1.279979;,
		-1.472702;  0.550000; -1.468862;,
		-1.387409;  0.550000; -1.016754;,
		-1.512580;  0.550000; -0.891584;,
		-1.799045;  0.550000; -1.142520;,
		-1.661585;  0.550000; -1.279979;,
		-1.255362;  0.450000; -1.686202;,
		-1.283751;  0.550000; -1.657813;,
		-1.505870;  0.500000; -1.973096;,
		-1.477480;  0.400000; -2.001485;,
		-1.343368;  0.550000; -1.598197;,
		-1.472702;  0.550000; -1.468862;,
		-1.741402;  0.500000; -1.737563;,
		-1.588830;  0.500000; -1.890135;,
		-1.472702;  0.550000; -1.468862;,
		-1.661585;  0.550000; -1.279979;,
		-1.935214;  0.500000; -1.543752;,
		-1.741402;  0.500000; -1.737563;,
		-1.661585;  0.550000; -1.279979;,
		-1.799045;  0.550000; -1.142520;,
		-2.084019;  0.500000; -1.394946;,
		-1.935214;  0.500000; -1.543752;,
		-1.477480;  0.400000; -2.001485;,
		-1.505870;  0.500000; -1.973096;,
		-1.799587;  0.500000; -2.216779;,
		-1.771198;  0.400000; -2.245169;,
		-1.588830;  0.500000; -1.890135;,
		-1.741402;  0.500000; -1.737563;,
		-2.010103;  0.500000; -2.006263;,
		-1.868586;  0.500000; -2.147781;,
		-1.741402;  0.500000; -1.737563;,
		-1.935214;  0.500000; -1.543752;,
		-2.214848;  0.500000; -1.801519;,
		-2.010103;  0.500000; -2.006263;,
		-1.935214;  0.500000; -1.543752;,
		-2.084019;  0.500000; -1.394946;,
		-2.379089;  0.500000; -1.637278;,
		-2.214848;  0.500000; -1.801519;,
		-1.771198;  0.400000; -2.245169;,
		-1.799587;  0.500000; -2.216779;,
		-2.046425;  0.550000; -2.507343;,
		-2.018036;  0.450000; -2.535732;,
		-1.868586;  0.500000; -2.147781;,
		-2.010103;  0.500000; -2.006263;,
		-2.278804;  0.550000; -2.274964;,
		-2.129230;  0.550000; -2.424538;,
		-2.010103;  0.500000; -2.006263;,
		-2.214848;  0.500000; -1.801519;,
		-2.453851;  0.550000; -2.099917;,
		-2.278804;  0.550000; -2.274964;,
		-2.214848;  0.500000; -1.801519;,
		-2.379089;  0.500000; -1.637278;,
		-2.575902;  0.550000; -1.977866;,
		-2.453851;  0.550000; -2.099917;,
		-2.018036;  0.450000; -2.535732;,
		-2.046425;  0.550000; -2.507343;,
		-2.257911;  0.570000; -2.833257;,
		-2.229522;  0.470000; -2.861646;,
		-2.129230;  0.550000; -2.424538;,
		-2.278804;  0.550000; -2.274964;,
		-2.545584;  0.570000; -2.545584;,
		-2.362837;  0.570000; -2.728332;,
		-2.278804;  0.550000; -2.274964;,
		-2.453851;  0.550000; -2.099917;,
		-2.691844;  0.570000; -2.399325;,
		-2.545584;  0.570000; -2.545584;,
		-2.453851;  0.550000; -2.099917;,
		-2.575902;  0.550000; -1.977866;,
		-2.767586;  0.570000; -2.323583;,
		-2.691844;  0.570000; -2.399325;,
		-2.229522;  0.470000; -2.861646;,
		-2.257911;  0.570000; -2.833257;,
		-2.571517;  0.550000; -3.057053;,
		-2.543127;  0.450000; -3.085443;,
		-2.362837;  0.570000; -2.728332;,
		-2.545584;  0.570000; -2.545584;,
		-2.816205;  0.550000; -2.812365;,
		-2.658200;  0.550000; -2.970370;,
		-2.545584;  0.570000; -2.545584;,
		-2.691844;  0.570000; -2.399325;,
		-2.989154;  0.550000; -2.639416;,
		-2.816205;  0.550000; -2.812365;,
		-2.691844;  0.570000; -2.399325;,
		-2.767586;  0.570000; -2.323583;,
		-3.094290;  0.550000; -2.534280;,
		-2.989154;  0.550000; -2.639416;,
		-2.543127;  0.450000; -3.085443;,
		-2.571517;  0.550000; -3.057053;,
		-2.848376;  0.500000; -3.317595;,
		-2.819987;  0.400000; -3.345984;,
		-2.658200;  0.550000; -2.970370;,
		-2.816205;  0.550000; -2.812365;,
		-3.084905;  0.500000; -3.081065;,
		-2.931644;  0.500000; -3.234326;,
		-2.816205;  0.550000; -2.812365;,
		-2.989154;  0.550000; -2.639416;,
		-3.270058;  0.500000; -2.895912;,
		-3.084905;  0.500000; -3.081065;,
		-2.989154;  0.550000; -2.639416;,
		-3.094290;  0.550000; -2.534280;,
		-3.398191;  0.500000; -2.767779;,
		-3.270058;  0.500000; -2.895912;,
		-2.819987;  0.400000; -3.345984;,
		-2.848376;  0.500000; -3.317595;,
		-3.105622;  0.500000; -3.597750;,
		-3.077233;  0.400000; -3.626139;,
		-2.931644;  0.500000; -3.234326;,
		-3.084905;  0.500000; -3.081065;,
		-3.353606;  0.500000; -3.349766;,
		-3.195057;  0.500000; -3.508315;,
		-3.084905;  0.500000; -3.081065;,
		-3.270058;  0.500000; -2.895912;,
		-3.528985;  0.500000; -3.174387;,
		-3.353606;  0.500000; -3.349766;,
		-3.270058;  0.500000; -2.895912;,
		-3.398191;  0.500000; -2.767779;,
		-3.647058;  0.500000; -3.056315;,
		-3.528985;  0.500000; -3.174387;,
		-3.077233;  0.400000; -3.626139;,
		-3.105622;  0.500000; -3.597750;,
		-3.374954;  0.550000; -3.865820;,
		-3.346564;  0.450000; -3.894209;,
		-3.195057;  0.500000; -3.508315;,
		-3.353606;  0.500000; -3.349766;,
		-3.622307;  0.550000; -3.618467;,
		-3.463886;  0.550000; -3.776888;,
		-3.353606;  0.500000; -3.349766;,
		-3.528985;  0.500000; -3.174387;,
		-3.796171;  0.550000; -3.444603;,
		-3.622307;  0.550000; -3.618467;,
		-3.528985;  0.500000; -3.174387;,
		-3.647058;  0.500000; -3.056315;,
		-3.909669;  0.550000; -3.331104;,
		-3.796171;  0.550000; -3.444603;,
		-3.346564;  0.450000; -3.894209;,
		-3.374954;  0.550000; -3.865820;,
		-3.645991;  0.550000; -4.132183;,
		-3.617601;  0.450000; -4.160573;,
		-3.463886;  0.550000; -3.776888;,
		-3.622307;  0.550000; -3.618467;,
		-3.891007;  0.550000; -3.887167;,
		-3.731655;  0.550000; -4.046519;,
		-3.622307;  0.550000; -3.618467;,
		-3.796171;  0.550000; -3.444603;,
		-4.077130;  0.550000; -3.701044;,
		-3.891007;  0.550000; -3.887167;,
		-3.796171;  0.550000; -3.444603;,
		-3.909669;  0.550000; -3.331104;,
		-4.209045;  0.550000; -3.569129;,
		-4.077130;  0.550000; -3.701044;,
		-3.617601;  0.450000; -4.160573;,
		-3.645991;  0.550000; -4.132183;,
		-4.021505;  0.500000; -4.388104;,
		-3.984045;  0.400000; -4.403810;,
		-3.731655;  0.550000; -4.046519;,
		-3.891007;  0.550000; -3.887167;,
		-4.158825;  0.500000; -4.154985;,
		-4.080698;  0.500000; -4.360512;,
		-3.891007;  0.550000; -3.887167;,
		-4.077130;  0.550000; -3.701044;,
		-4.329495;  0.500000; -3.920818;,
		-4.158825;  0.500000; -4.154985;,
		-4.077130;  0.550000; -3.701044;,
		-4.209045;  0.550000; -3.569129;,
		-4.436249;  0.500000; -3.748183;,
		-4.329495;  0.500000; -3.920818;,
		-0.662362;  0.400000; -1.182706;,
		-0.759927;  0.400000; -1.088648;,
		-0.784654;  0.500000; -1.109014;,
		-0.689144;  0.500000; -1.200281;,
		-1.283751;  0.550000; -1.657813;,
		-0.999934;  0.550000; -1.404229;,
		-1.064584;  0.550000; -1.339580;,
		-1.343368;  0.550000; -1.598197;,
		-1.505870;  0.500000; -1.973096;,
		-1.283751;  0.550000; -1.657813;,
		-1.343368;  0.550000; -1.598197;,
		-1.588830;  0.500000; -1.890135;,
		-1.799587;  0.500000; -2.216779;,
		-1.505870;  0.500000; -1.973096;,
		-1.588830;  0.500000; -1.890135;,
		-1.868586;  0.500000; -2.147781;,
		-2.046425;  0.550000; -2.507343;,
		-1.799587;  0.500000; -2.216779;,
		-1.868586;  0.500000; -2.147781;,
		-2.129230;  0.550000; -2.424538;,
		-2.257911;  0.570000; -2.833257;,
		-2.046425;  0.550000; -2.507343;,
		-2.129230;  0.550000; -2.424538;,
		-2.362837;  0.570000; -2.728332;,
		-2.571517;  0.550000; -3.057053;,
		-2.257911;  0.570000; -2.833257;,
		-2.362837;  0.570000; -2.728332;,
		-2.658200;  0.550000; -2.970370;,
		-2.848376;  0.500000; -3.317595;,
		-2.571517;  0.550000; -3.057053;,
		-2.658200;  0.550000; -2.970370;,
		-2.931644;  0.500000; -3.234326;,
		-3.105622;  0.500000; -3.597750;,
		-2.848376;  0.500000; -3.317595;,
		-2.931644;  0.500000; -3.234326;,
		-3.195057;  0.500000; -3.508315;,
		-3.374954;  0.550000; -3.865820;,
		-3.105622;  0.500000; -3.597750;,
		-3.195057;  0.500000; -3.508315;,
		-3.463886;  0.550000; -3.776888;,
		-3.645991;  0.550000; -4.132183;,
		-3.374954;  0.550000; -3.865820;,
		-3.463886;  0.550000; -3.776888;,
		-3.731655;  0.550000; -4.046519;,
		-4.021505;  0.500000; -4.388104;,
		-3.645991;  0.550000; -4.132183;,
		-3.731655;  0.550000; -4.046519;,
		-4.080698;  0.500000; -4.360512;,
		-1.164637;  0.400000; -0.607252;,
		-1.221125;  0.400000; -0.613380;,
		-1.189443;  0.500000; -0.627522;,
		-1.799045;  0.550000; -1.142520;,
		-1.512580;  0.550000; -0.891584;,
		-1.536949;  0.450000; -0.867214;,
		-1.823415;  0.450000; -1.118150;,
		-2.084019;  0.500000; -1.394946;,
		-1.799045;  0.550000; -1.142520;,
		-1.823415;  0.450000; -1.118150;,
		-2.108389;  0.400000; -1.370576;,
		-2.379089;  0.500000; -1.637278;,
		-2.084019;  0.500000; -1.394946;,
		-2.108389;  0.400000; -1.370576;,
		-2.403458;  0.400000; -1.612908;,
		-2.575902;  0.550000; -1.977866;,
		-2.379089;  0.500000; -1.637278;,
		-2.403458;  0.400000; -1.612908;,
		-2.600272;  0.450000; -1.953496;,
		-2.767586;  0.570000; -2.323583;,
		-2.575902;  0.550000; -1.977866;,
		-2.600272;  0.450000; -1.953496;,
		-2.791955;  0.470000; -2.299213;,
		-3.094290;  0.550000; -2.534280;,
		-2.767586;  0.570000; -2.323583;,
		-2.791955;  0.470000; -2.299213;,
		-3.118660;  0.450000; -2.509910;,
		-3.398191;  0.500000; -2.767779;,
		-3.094290;  0.550000; -2.534280;,
		-3.118660;  0.450000; -2.509910;,
		-3.422561;  0.400000; -2.743409;,
		-3.647058;  0.500000; -3.056315;,
		-3.398191;  0.500000; -2.767779;,
		-3.422561;  0.400000; -2.743409;,
		-3.671427;  0.400000; -3.031945;,
		-3.909669;  0.550000; -3.331104;,
		-3.647058;  0.500000; -3.056315;,
		-3.671427;  0.400000; -3.031945;,
		-3.934039;  0.450000; -3.306735;,
		-4.209045;  0.550000; -3.569129;,
		-3.909669;  0.550000; -3.331104;,
		-3.934039;  0.450000; -3.306735;,
		-4.233416;  0.450000; -3.544759;,
		-4.436249;  0.500000; -3.748183;,
		-4.209045;  0.550000; -3.569129;,
		-4.233416;  0.450000; -3.544759;,
		-4.454417;  0.400000; -3.718901;,
