xof 0303txt 0032

AnimTicksPerSecond {
	30;
}
Material lambert1 {
	 1.000000; 1.000000; 1.000000; 1.000000;;
	 128.000000;
	 0.500000; 0.500000; 0.500000;;
	 0.000000; 0.000000; 0.000000;;
}
Material blinn1 {
	 1.000000; 1.000000; 1.000000; 1.000000;;
	 128.000000;
	 0.500000; 0.500000; 0.500000;;
	 0.000000; 0.000000; 0.000000;;
	TextureFileName {".\\FrenchFry_D.dds";}
}
Frame FrenchFry_ROOTSHJnt {
	FrameTransformMatrix {
		1.000000,0.000000,-0.000000,0.000000,0.000000,1.000000,-0.000000,0.000000,-0.000000,-0.000000,1.000000,0.000000,0.000000,0.000000,0.193423,1.000000;;
	}
	Frame FrenchFry_l_FrontLeg_ClavicleSHJnt {
		FrameTransformMatrix {
			0.755853,0.000000,-0.654741,0.000000,-0.000000,1.000000,-0.000000,0.000000,0.654741,0.000000,0.755853,0.000000,0.423861,0.144691,-0.561738,1.000000;;
		}
		Frame FrenchFry_l_FrontLeg_ShoulderSHJnt {
			FrameTransformMatrix {
				0.999303,0.037327,-0.000349,0.000000,-0.000349,0.000000,-1.000000,0.000000,-0.037327,0.999303,0.000013,0.000000,1.000000,-0.008219,-0.000349,1.000000;;
			}
			Frame FrenchFry_l_FrontLeg_ElbowSHJnt {
				FrameTransformMatrix {
					0.986423,0.000000,-0.164225,0.000000,-0.000000,1.000000,-0.000000,0.000000,0.164225,0.000000,0.986423,0.000000,1.501045,-0.000000,-0.000000,1.000000;;
				}
			}
		}
	}
	Frame FrenchFry_r_FrontLeg_ClavicleSHJnt {
		FrameTransformMatrix {
			0.755853,0.000000,0.654741,0.000000,0.000000,1.000000,-0.000000,0.000000,-0.654741,-0.000000,0.755853,0.000000,-0.423861,0.144691,-0.561738,1.000000;;
		}
		Frame FrenchFry_r_FrontLeg_ShoulderSHJnt {
			FrameTransformMatrix {
				0.999303,-0.037327,0.000349,0.000000,0.000349,0.000000,-1.000000,0.000000,0.037327,0.999303,0.000013,0.000000,-1.000000,-0.008219,-0.000349,1.000000;;
			}
			Frame FrenchFry_r_FrontLeg_ElbowSHJnt {
				FrameTransformMatrix {
					0.986423,0.000000,0.164225,0.000000,0.000000,1.000000,-0.000000,0.000000,-0.164225,-0.000000,0.986423,0.000000,-1.501045,-0.000000,-0.000000,1.000000;;
				}
			}
		}
	}
	Frame FrenchFry_l_MidFrontLeg_ClavicleSHJnt {
		FrameTransformMatrix {
			0.989826,0.000000,-0.142283,0.000000,-0.000000,1.000000,-0.000000,0.000000,0.142283,0.000000,0.989826,0.000000,0.555690,0.143392,-0.274183,1.000000;;
		}
		Frame FrenchFry_l_MidFrontLeg_ShoulderSHJnt {
			FrameTransformMatrix {
				0.999303,0.037327,-0.000349,0.000000,0.000349,-0.000000,1.000000,0.000000,0.037327,-0.999303,-0.000013,0.000000,1.000000,-0.006920,-0.000349,1.000000;;
			}
			Frame FrenchFry_l_MidFrontLeg_ElbowSHJnt {
				FrameTransformMatrix {
					0.986423,0.000000,0.164225,0.000000,0.000000,1.000000,-0.000000,0.000000,-0.164225,-0.000000,0.986423,0.000000,1.501045,-0.000000,-0.000000,1.000000;;
				}
			}
		}
	}
	Frame FrenchFry_r_MidFrontLeg_ClavicleSHJnt {
		FrameTransformMatrix {
			0.989826,0.000000,0.142283,0.000000,0.000000,1.000000,-0.000000,0.000000,-0.142283,-0.000000,0.989826,0.000000,-0.555690,0.143392,-0.274183,1.000000;;
		}
		Frame FrenchFry_r_MidFrontLeg_ShoulderSHJnt {
			FrameTransformMatrix {
				0.999303,-0.037327,0.000349,0.000000,-0.000349,-0.000000,1.000000,0.000000,-0.037327,-0.999303,-0.000013,0.000000,-1.000000,-0.006920,-0.000349,1.000000;;
			}
			Frame FrenchFry_r_MidFrontLeg_ElbowSHJnt {
				FrameTransformMatrix {
					0.986423,0.000000,-0.164225,0.000000,-0.000000,1.000000,-0.000000,0.000000,0.164225,0.000000,0.986423,0.000000,-1.501045,-0.000000,-0.000000,1.000000;;
				}
			}
		}
	}
	Frame FrenchFry_l_MidBackLeg_ClavicleSHJnt {
		FrameTransformMatrix {
			0.909672,0.000000,0.415328,0.000000,0.000000,1.000000,-0.000000,0.000000,-0.415328,-0.000000,0.909672,0.000000,0.511168,0.143392,0.039001,1.000000;;
		}
		Frame FrenchFry_l_MidBackLeg_ShoulderSHJnt {
			FrameTransformMatrix {
				0.999303,0.037327,-0.000349,0.000000,-0.000349,0.000000,-1.000000,0.000000,-0.037327,0.999303,0.000013,0.000000,1.000000,-0.006920,-0.000349,1.000000;;
			}
			Frame FrenchFry_l_MidBackLeg_ElbowSHJnt {
				FrameTransformMatrix {
					0.986423,0.000000,-0.164225,0.000000,-0.000000,1.000000,-0.000000,0.000000,0.164225,0.000000,0.986423,0.000000,1.501045,-0.000000,0.000000,1.000000;;
				}
			}
		}
	}
	Frame FrenchFry_r_MidBackLeg_ClavicleSHJnt {
		FrameTransformMatrix {
			0.909672,0.000000,-0.415328,0.000000,-0.000000,1.000000,-0.000000,0.000000,0.415328,0.000000,0.909672,0.000000,-0.511168,0.143392,0.039001,1.000000;;
		}
		Frame FrenchFry_r_MidBackLeg_ShoulderSHJnt {
			FrameTransformMatrix {
				0.999303,-0.037327,0.000349,0.000000,0.000349,0.000000,-1.000000,0.000000,0.037327,0.999303,0.000013,0.000000,-1.000000,-0.006920,-0.000349,1.000000;;
			}
			Frame FrenchFry_r_MidBackLeg_ElbowSHJnt {
				FrameTransformMatrix {
					0.986423,0.000000,0.164225,0.000000,0.000000,1.000000,-0.000000,0.000000,-0.164225,-0.000000,0.986423,0.000000,-1.501045,-0.000000,0.000000,1.000000;;
				}
			}
		}
	}
	Frame FrenchFry_l_BackLeg_ClavicleSHJnt {
		FrameTransformMatrix {
			0.540828,0.000000,0.841133,0.000000,0.000000,1.000000,-0.000000,0.000000,-0.841133,-0.000000,0.540828,0.000000,0.304424,0.143392,0.278424,1.000000;;
		}
		Frame FrenchFry_l_BackLeg_ShoulderSHJnt {
			FrameTransformMatrix {
				0.999303,0.037327,-0.000349,0.000000,-0.000349,-0.000001,-1.000000,0.000000,-0.037327,0.999303,0.000012,0.000000,1.000000,-0.006920,-0.000349,1.000000;;
			}
			Frame FrenchFry_l_BackLeg_ElbowSHJnt {
				FrameTransformMatrix {
					0.986423,0.000000,-0.164225,0.000000,-0.000000,1.000000,-0.000000,0.000000,0.164225,0.000000,0.986423,0.000000,1.501046,-0.000000,-0.000000,1.000000;;
				}
			}
		}
	}
	Frame FrenchFry_r_BackLeg_ClavicleSHJnt {
		FrameTransformMatrix {
			0.540828,0.000000,-0.841133,0.000000,-0.000000,1.000000,-0.000000,0.000000,0.841133,0.000000,0.540828,0.000000,-0.304424,0.143392,0.278424,1.000000;;
		}
		Frame FrenchFry_r_BackLeg_ShoulderSHJnt {
			FrameTransformMatrix {
				0.999303,-0.037327,0.000349,0.000000,0.000349,-0.000001,-1.000000,0.000000,0.037327,0.999303,0.000012,0.000000,-1.000000,-0.006920,-0.000349,1.000000;;
			}
			Frame FrenchFry_r_BackLeg_ElbowSHJnt {
				FrameTransformMatrix {
					0.986423,0.000000,0.164225,0.000000,0.000000,1.000000,-0.000000,0.000000,-0.164225,-0.000000,0.986423,0.000000,-1.501046,0.000000,-0.000000,1.000000;;
				}
			}
		}
	}
	Frame FrenchFry_l_Pupil_AuxSHJnt {
		FrameTransformMatrix {
			0.965926,0.000000,0.258819,0.000000,0.255943,0.148672,-0.955191,0.000000,-0.038479,0.988886,0.143607,0.000000,0.265755,0.296735,-1.185235,1.000000;;
		}
	}
	Frame FrenchFry_r_Pupil_AuxSHJnt {
		FrameTransformMatrix {
			0.965926,-0.000000,-0.258819,0.000000,-0.255943,0.148672,-0.955191,0.000000,0.038479,0.988886,0.143607,0.000000,-0.265755,0.296735,-1.185235,1.000000;;
		}
	}
	Frame FrenchFry_l_TopPupil_AuxSHJnt {
		FrameTransformMatrix {
			0.923880,0.000000,0.382683,0.000000,0.378430,0.148672,-0.913612,0.000000,-0.056894,0.988886,0.137355,0.000000,0.372065,0.659457,-1.091668,1.000000;;
		}
	}
	Frame FrenchFry_r_TopPupil_AuxSHJnt {
		FrameTransformMatrix {
			0.923880,0.000000,-0.382683,0.000000,-0.378430,0.148672,-0.913612,0.000000,0.056894,0.988886,0.137355,0.000000,-0.372065,0.659457,-1.091668,1.000000;;
		}
	}
	Frame FrenchFry_l_UpperLidOpen_AuxSHJnt {
		FrameTransformMatrix {
			0.965926,0.000000,0.258819,0.000000,0.255943,0.148672,-0.955191,0.000000,-0.038479,0.988886,0.143607,0.000000,0.261700,0.294380,-1.170102,1.000000;;
		}
	}
	Frame FrenchFry_r_UpperLidOpen_AuxSHJnt {
		FrameTransformMatrix {
			0.965926,-0.000000,-0.258819,0.000000,-0.255943,0.148672,-0.955191,0.000000,0.038479,0.988886,0.143607,0.000000,-0.261700,0.294380,-1.170102,1.000000;;
		}
	}
	Frame FrenchFry_l_UpperLidClosed_AuxSHJnt {
		FrameTransformMatrix {
			0.965926,0.000000,0.258819,0.000000,0.255943,0.148672,-0.955191,0.000000,-0.038479,0.988886,0.143607,0.000000,0.261700,0.294380,-1.170102,1.000000;;
		}
	}
	Frame FrenchFry_r_UpperLidClosed_AuxSHJnt {
		FrameTransformMatrix {
			0.965926,-0.000000,-0.258819,0.000000,-0.255943,0.148672,-0.955191,0.000000,0.038479,0.988886,0.143607,0.000000,-0.261700,0.294380,-1.170102,1.000000;;
		}
	}
	Frame FrenchFry_l_LowerLidClosed_AuxSHJnt {
		FrameTransformMatrix {
			0.965926,0.000000,0.258819,0.000000,0.255943,0.148672,-0.955191,0.000000,-0.038479,0.988886,0.143607,0.000000,0.261700,0.294380,-1.170102,1.000000;;
		}
	}
	Frame FrenchFry_r_LowerLidClosed_AuxSHJnt {
		FrameTransformMatrix {
			0.965926,-0.000000,-0.258819,0.000000,-0.255943,0.148672,-0.955191,0.000000,0.038479,0.988886,0.143607,0.000000,-0.261700,0.294380,-1.170102,1.000000;;
		}
	}
	Frame FrenchFry_l_LowerLidOpen_AuxSHJnt {
		FrameTransformMatrix {
			0.965926,0.000000,0.258819,0.000000,0.255943,0.148672,-0.955191,0.000000,-0.038479,0.988886,0.143607,0.000000,0.261700,0.294380,-1.170102,1.000000;;
		}
	}
	Frame FrenchFry_r_LowerLidOpen_AuxSHJnt {
		FrameTransformMatrix {
			0.965926,-0.000000,-0.258819,0.000000,-0.255943,0.148672,-0.955191,0.000000,0.038479,0.988886,0.143607,0.000000,-0.261700,0.294380,-1.170102,1.000000;;
		}
	}
	Frame FrenchFry_l_TopLowerLidOpen_AuxSHJnt {
		FrameTransformMatrix {
			0.923880,0.000000,0.382683,0.000000,0.378430,0.148672,-0.913612,0.000000,-0.056894,0.988886,0.137355,0.000000,0.367193,0.657543,-1.079906,1.000000;;
		}
	}
	Frame FrenchFry_r_TopLowerLidOpen_AuxSHJnt {
		FrameTransformMatrix {
			0.923880,0.000000,-0.382683,0.000000,-0.378430,0.148672,-0.913612,0.000000,0.056894,0.988886,0.137355,0.000000,-0.367193,0.657543,-1.079906,1.000000;;
		}
	}
	Frame FrenchFry_l_TopLowerLidClosed_AuxSHJnt {
		FrameTransformMatrix {
			0.923880,0.000000,0.382683,0.000000,0.378430,0.148672,-0.913612,0.000000,-0.056894,0.988886,0.137355,0.000000,0.367193,0.657543,-1.079906,1.000000;;
		}
	}
	Frame FrenchFry_r_TopLowerLidClosed_AuxSHJnt {
		FrameTransformMatrix {
			0.923880,0.000000,-0.382683,0.000000,-0.378430,0.148672,-0.913612,0.000000,0.056894,0.988886,0.137355,0.000000,-0.367193,0.657543,-1.079906,1.000000;;
		}
	}
	Frame FrenchFry_l_TopUpperLidClosed_AuxSHJnt {
		FrameTransformMatrix {
			0.923880,0.000000,0.382683,0.000000,0.378430,0.148672,-0.913612,0.000000,-0.056894,0.988886,0.137355,0.000000,0.367193,0.657543,-1.079906,1.000000;;
		}
	}
	Frame FrenchFry_r_TopUpperLidClosed_AuxSHJnt {
		FrameTransformMatrix {
			0.923880,0.000000,-0.382683,0.000000,-0.378430,0.148672,-0.913612,0.000000,0.056894,0.988886,0.137355,0.000000,-0.367193,0.657543,-1.079906,1.000000;;
		}
	}
	Frame FrenchFry_l_TopUpperLidOpen_AuxSHJnt {
		FrameTransformMatrix {
			0.923880,0.000000,0.382683,0.000000,0.378430,0.148672,-0.913612,0.000000,-0.056894,0.988886,0.137355,0.000000,0.367193,0.657543,-1.079906,1.000000;;
		}
	}
	Frame FrenchFry_r_TopUpperLidOpen_AuxSHJnt {
		FrameTransformMatrix {
			0.923880,0.000000,-0.382683,0.000000,-0.378430,0.148672,-0.913612,0.000000,0.056894,0.988886,0.137355,0.000000,-0.367193,0.657543,-1.079906,1.000000;;
		}
	}
}
Frame FryderGeo {
	FrameTransformMatrix {
		1.000000,0.000000,-0.000000,0.000000,0.000000,1.000000,-0.000000,0.000000,-0.000000,-0.000000,1.000000,0.000000,0.000000,0.000000,-0.000000,1.000000;;
	}
	Mesh FryderGeo47Shape {
		9416;
		 2.342149; -0.000000;  3.905749;,
		 1.961971;  0.031211;  3.314921;,
		 1.956243;  0.174602;  3.318607;,
		 2.304308;  0.143392;  3.859528;,
		 1.440671;  0.188098;  2.517368;,
		 1.446398;  0.044706;  2.513682;,
		 1.129834;  0.026824;  2.021716;,
		 1.124106;  0.170215;  2.025401;,
		 0.628989;  0.134404;  1.255951;,
		 0.634716; -0.008987;  1.252265;,
		 0.408794; -0.017882;  0.901164;,
		 0.403066;  0.125509;  0.904849;,
		 2.304308;  0.143392;  3.859528;,
		 1.956243;  0.174602;  3.318607;,
		 1.961971;  0.317994;  3.314922;,
		 2.250625;  0.286784;  3.763513;,
		 1.446398;  0.331490;  2.513682;,
		 1.440671;  0.188098;  2.517368;,
		 1.124106;  0.170215;  2.025401;,
		 1.129834;  0.313607;  2.021716;,
		 0.634716;  0.277796;  1.252265;,
		 0.628989;  0.134404;  1.255951;,
		 0.403066;  0.125509;  0.904849;,
		 0.408794;  0.268901;  0.901164;,
		 2.250625;  0.286784;  3.763513;,
		 1.961971;  0.317994;  3.314922;,
		 2.082385;  0.324602;  3.237439;,
		 2.376246;  0.293392;  3.694122;,
		 1.566812;  0.338098;  2.436199;,
		 1.446398;  0.331490;  2.513682;,
		 1.129834;  0.313607;  2.021716;,
		 1.250247;  0.320215;  1.944233;,
		 0.755131;  0.284404;  1.174783;,
		 0.634716;  0.277796;  1.252265;,
		 0.408794;  0.268901;  0.901164;,
		 0.529208;  0.275509;  0.823681;,
		 2.376246;  0.293392;  3.694122;,
		 2.082385;  0.324602;  3.237439;,
		 2.202799;  0.317994;  3.159956;,
		 2.491453;  0.286784;  3.608548;,
		 1.687227;  0.331490;  2.358717;,
		 1.566812;  0.338098;  2.436199;,
		 1.250247;  0.320215;  1.944233;,
		 1.370662;  0.313607;  1.866750;,
		 0.875545;  0.277796;  1.097300;,
		 0.755131;  0.284404;  1.174783;,
		 0.529208;  0.275509;  0.823681;,
		 0.649622;  0.268901;  0.746199;,
		 2.491453;  0.286784;  3.608548;,
		 2.202799;  0.317994;  3.159956;,
		 2.208526;  0.174602;  3.156271;,
		 2.556592;  0.143392;  3.697191;,
		 1.692954;  0.188098;  2.355031;,
		 1.687227;  0.331490;  2.358717;,
		 1.370662;  0.313607;  1.866750;,
		 1.376389;  0.170215;  1.863065;,
		 0.881272;  0.134404;  1.093614;,
		 0.875545;  0.277796;  1.097300;,
		 0.649622;  0.268901;  0.746199;,
		 0.655350;  0.125509;  0.742513;,
		 2.556592;  0.143392;  3.697191;,
		 2.208526;  0.174602;  3.156271;,
		 2.202799;  0.031211;  3.159956;,
		 2.582978;  0.000000;  3.750784;,
		 1.687227;  0.044706;  2.358717;,
		 1.692954;  0.188098;  2.355031;,
		 1.376389;  0.170215;  1.863065;,
		 1.370662;  0.026824;  1.866750;,
		 0.875545; -0.008987;  1.097300;,
		 0.881272;  0.134404;  1.093614;,
		 0.655350;  0.125509;  0.742513;,
		 0.649622; -0.017882;  0.746199;,
		 2.582978;  0.000000;  3.750784;,
		 2.202799;  0.031211;  3.159956;,
		 2.082385;  0.024602;  3.237439;,
		 2.467770; -0.006608;  3.836358;,
		 1.566812;  0.038098;  2.436199;,
		 1.687227;  0.044706;  2.358717;,
		 1.370662;  0.026824;  1.866750;,
		 1.250247;  0.020215;  1.944233;,
		 0.755131; -0.015596;  1.174783;,
		 0.875545; -0.008987;  1.097300;,
		 0.649622; -0.017882;  0.746199;,
		 0.529208; -0.024491;  0.823681;,
		 2.467770; -0.006608;  3.836358;,
		 2.082385;  0.024602;  3.237439;,
		 1.961971;  0.031211;  3.314921;,
		 2.342149; -0.000000;  3.905749;,
		 1.446398;  0.044706;  2.513682;,
		 1.566812;  0.038098;  2.436199;,
		 1.250247;  0.020215;  1.944233;,
		 1.129834;  0.026824;  2.021716;,
		 0.634716; -0.008987;  1.252265;,
		 0.755131; -0.015596;  1.174783;,
		 0.529208; -0.024491;  0.823681;,
		 0.408794; -0.017882;  0.901164;,
		 2.582978;  0.000000;  3.750784;,
		 2.467770; -0.006608;  3.836358;,
		 2.435657;  0.143392;  3.786451;,
		 2.556592;  0.143392;  3.697191;,
		 2.467770; -0.006608;  3.836358;,
		 2.342149; -0.000000;  3.905749;,
		 2.304308;  0.143392;  3.859528;,
		 2.435657;  0.143392;  3.786451;,
		 2.556592;  0.143392;  3.697191;,
		 2.435657;  0.143392;  3.786451;,
		 2.376246;  0.293392;  3.694122;,
		 2.491453;  0.286784;  3.608548;,
		 2.435657;  0.143392;  3.786451;,
		 2.304308;  0.143392;  3.859528;,
		 2.250625;  0.286784;  3.763513;,
		 2.376246;  0.293392;  3.694122;,
		 1.446398;  0.044706;  2.513682;,
		 1.535674;  0.049093;  2.652424;,
		 1.656088;  0.042485;  2.574941;,
		 1.566812;  0.038098;  2.436199;,
		 1.535674;  0.049093;  2.652424;,
		 1.624951;  0.044706;  2.791166;,
		 1.745365;  0.038098;  2.713683;,
		 1.656088;  0.042485;  2.574941;,
		 1.624951;  0.044706;  2.791166;,
		 1.535674;  0.049093;  2.652424;,
		 1.529947;  0.192485;  2.656110;,
		 1.619223;  0.188098;  2.794852;,
		 1.535674;  0.049093;  2.652424;,
		 1.446398;  0.044706;  2.513682;,
		 1.440671;  0.188098;  2.517368;,
		 1.529947;  0.192485;  2.656110;,
		 1.619223;  0.188098;  2.794852;,
		 1.529947;  0.192485;  2.656110;,
		 1.535674;  0.335877;  2.652424;,
		 1.624951;  0.331490;  2.791166;,
		 1.529947;  0.192485;  2.656110;,
		 1.440671;  0.188098;  2.517368;,
		 1.446398;  0.331490;  2.513682;,
		 1.535674;  0.335877;  2.652424;,
		 0.634716; -0.008987;  1.252265;,
		 0.723992; -0.006920;  1.391007;,
		 0.844407; -0.013528;  1.313524;,
		 0.755131; -0.015596;  1.174783;,
		 0.723992; -0.006920;  1.391007;,
		 0.813269; -0.000000;  1.529749;,
		 0.933683; -0.006608;  1.452266;,
		 0.844407; -0.013528;  1.313524;,
		 0.813269; -0.000000;  1.529749;,
		 0.723992; -0.006920;  1.391007;,
		 0.718265;  0.136472;  1.394693;,
		 0.807541;  0.143392;  1.533435;,
		 0.723992; -0.006920;  1.391007;,
		 0.634716; -0.008987;  1.252265;,
		 0.628989;  0.134404;  1.255951;,
		 0.718265;  0.136472;  1.394693;,
		 0.807541;  0.143392;  1.533435;,
		 0.718265;  0.136472;  1.394693;,
		 0.723992;  0.279864;  1.391007;,
		 0.813269;  0.286784;  1.529749;,
		 0.718265;  0.136472;  1.394693;,
		 0.628989;  0.134404;  1.255951;,
		 0.634716;  0.277796;  1.252265;,
		 0.723992;  0.279864;  1.391007;,
		 1.624951;  0.331490;  2.791166;,
		 1.535674;  0.335877;  2.652424;,
		 1.656088;  0.342485;  2.574941;,
		 1.745365;  0.338098;  2.713683;,
		 1.535674;  0.335877;  2.652424;,
		 1.446398;  0.331490;  2.513682;,
		 1.566812;  0.338098;  2.436199;,
		 1.656088;  0.342485;  2.574941;,
		 0.813269;  0.286784;  1.529749;,
		 0.723992;  0.279864;  1.391007;,
		 0.844407;  0.286472;  1.313524;,
		 0.933683;  0.293392;  1.452266;,
		 0.723992;  0.279864;  1.391007;,
		 0.634716;  0.277796;  1.252265;,
		 0.755131;  0.284404;  1.174783;,
		 0.844407;  0.286472;  1.313524;,
		 1.745365;  0.338098;  2.713683;,
		 1.656088;  0.342485;  2.574941;,
		 1.776503;  0.335877;  2.497459;,
		 1.865779;  0.331490;  2.636201;,
		 1.656088;  0.342485;  2.574941;,
		 1.566812;  0.338098;  2.436199;,
		 1.687227;  0.331490;  2.358717;,
		 1.776503;  0.335877;  2.497459;,
		 0.933683;  0.293392;  1.452266;,
		 0.844407;  0.286472;  1.313524;,
		 0.964821;  0.279864;  1.236042;,
		 1.054097;  0.286784;  1.374784;,
		 0.844407;  0.286472;  1.313524;,
		 0.755131;  0.284404;  1.174783;,
		 0.875545;  0.277796;  1.097300;,
		 0.964821;  0.279864;  1.236042;,
		 1.865779;  0.331490;  2.636201;,
		 1.776503;  0.335877;  2.497459;,
		 1.782230;  0.192485;  2.493773;,
		 1.871506;  0.188098;  2.632515;,
		 1.776503;  0.335877;  2.497459;,
		 1.687227;  0.331490;  2.358717;,
		 1.692954;  0.188098;  2.355031;,
		 1.782230;  0.192485;  2.493773;,
		 1.054097;  0.286784;  1.374784;,
		 0.964821;  0.279864;  1.236042;,
		 0.970548;  0.136472;  1.232356;,
		 1.059824;  0.143392;  1.371098;,
		 0.964821;  0.279864;  1.236042;,
		 0.875545;  0.277796;  1.097300;,
		 0.881272;  0.134404;  1.093614;,
		 0.970548;  0.136472;  1.232356;,
		 1.871506;  0.188098;  2.632515;,
		 1.782230;  0.192485;  2.493773;,
		 1.776503;  0.049093;  2.497459;,
		 1.865779;  0.044706;  2.636201;,
		 1.782230;  0.192485;  2.493773;,
		 1.692954;  0.188098;  2.355031;,
		 1.687227;  0.044706;  2.358717;,
		 1.776503;  0.049093;  2.497459;,
		 1.059824;  0.143392;  1.371098;,
		 0.970548;  0.136472;  1.232356;,
		 0.964821; -0.006920;  1.236042;,
		 1.054097;  0.000000;  1.374784;,
		 0.970548;  0.136472;  1.232356;,
		 0.881272;  0.134404;  1.093614;,
		 0.875545; -0.008987;  1.097300;,
		 0.964821; -0.006920;  1.236042;,
		 1.865779;  0.044706;  2.636201;,
		 1.776503;  0.049093;  2.497459;,
		 1.656088;  0.042485;  2.574941;,
		 1.745365;  0.038098;  2.713683;,
		 1.776503;  0.049093;  2.497459;,
		 1.687227;  0.044706;  2.358717;,
		 1.566812;  0.038098;  2.436199;,
		 1.656088;  0.042485;  2.574941;,
		 1.054097;  0.000000;  1.374784;,
		 0.964821; -0.006920;  1.236042;,
		 0.844407; -0.013528;  1.313524;,
		 0.933683; -0.006608;  1.452266;,
		 0.964821; -0.006920;  1.236042;,
		 0.875545; -0.008987;  1.097300;,
		 0.755131; -0.015596;  1.174783;,
		 0.844407; -0.013528;  1.313524;,
		 1.956243;  0.174602;  3.318607;,
		 1.619223;  0.188098;  2.794852;,
		 1.624951;  0.331490;  2.791166;,
		 1.961971;  0.317994;  3.314922;,
		 2.082385;  0.324602;  3.237439;,
		 1.961971;  0.317994;  3.314922;,
		 1.624951;  0.331490;  2.791166;,
		 1.745365;  0.338098;  2.713683;,
		 2.202799;  0.317994;  3.159956;,
		 2.082385;  0.324602;  3.237439;,
		 1.745365;  0.338098;  2.713683;,
		 1.865779;  0.331490;  2.636201;,
		 2.208526;  0.174602;  3.156271;,
		 2.202799;  0.317994;  3.159956;,
		 1.865779;  0.331490;  2.636201;,
		 1.871506;  0.188098;  2.632515;,
		 2.202799;  0.031211;  3.159956;,
		 2.208526;  0.174602;  3.156271;,
		 1.871506;  0.188098;  2.632515;,
		 1.865779;  0.044706;  2.636201;,
		 2.082385;  0.024602;  3.237439;,
		 2.202799;  0.031211;  3.159956;,
		 1.865779;  0.044706;  2.636201;,
		 1.745365;  0.038098;  2.713683;,
		 1.961971;  0.031211;  3.314921;,
		 2.082385;  0.024602;  3.237439;,
		 1.745365;  0.038098;  2.713683;,
		 1.624951;  0.044706;  2.791166;,
		 1.956243;  0.174602;  3.318607;,
		 1.961971;  0.031211;  3.314921;,
		 1.624951;  0.044706;  2.791166;,
		 1.619223;  0.188098;  2.794852;,
		 1.129834;  0.313607;  2.021716;,
		 1.124106;  0.170215;  2.025401;,
		 0.807541;  0.143392;  1.533435;,
		 0.813269;  0.286784;  1.529749;,
		 1.250247;  0.320215;  1.944233;,
		 1.129834;  0.313607;  2.021716;,
		 0.813269;  0.286784;  1.529749;,
		 0.933683;  0.293392;  1.452266;,
		 1.370662;  0.313607;  1.866750;,
		 1.250247;  0.320215;  1.944233;,
		 0.933683;  0.293392;  1.452266;,
		 1.054097;  0.286784;  1.374784;,
		 1.376389;  0.170215;  1.863065;,
		 1.370662;  0.313607;  1.866750;,
		 1.054097;  0.286784;  1.374784;,
		 1.059824;  0.143392;  1.371098;,
		 1.370662;  0.026824;  1.866750;,
		 1.376389;  0.170215;  1.863065;,
		 1.059824;  0.143392;  1.371098;,
		 1.054097;  0.000000;  1.374784;,
		 1.250247;  0.020215;  1.944233;,
		 1.370662;  0.026824;  1.866750;,
		 1.054097;  0.000000;  1.374784;,
		 0.933683; -0.006608;  1.452266;,
		 1.129834;  0.026824;  2.021716;,
		 1.250247;  0.020215;  1.944233;,
		 0.933683; -0.006608;  1.452266;,
		 0.813269; -0.000000;  1.529749;,
		 1.124106;  0.170215;  2.025401;,
		 1.129834;  0.026824;  2.021716;,
		 0.813269; -0.000000;  1.529749;,
		 0.807541;  0.143392;  1.533435;,
		 0.408794;  0.268901;  0.901164;,
		 0.403066;  0.125509;  0.904849;,
		 0.177723;  0.143392;  0.553562;,
		 0.183447;  0.286784;  0.549871;,
		 0.529208;  0.275509;  0.823681;,
		 0.408794;  0.268901;  0.901164;,
		 0.183447;  0.286784;  0.549871;,
		 0.303780;  0.293392;  0.472262;,
		 0.649622;  0.268901;  0.746199;,
		 0.529208;  0.275509;  0.823681;,
		 0.303780;  0.293392;  0.472262;,
		 0.424113;  0.286784;  0.394653;,
		 0.655350;  0.125509;  0.742513;,
		 0.649622;  0.268901;  0.746199;,
		 0.424113;  0.286784;  0.394653;,
		 0.429836;  0.143392;  0.390962;,
		 0.649622; -0.017882;  0.746199;,
		 0.655350;  0.125509;  0.742513;,
		 0.429836;  0.143392;  0.390962;,
		 0.424113;  0.000000;  0.394653;,
		 0.529208; -0.024491;  0.823681;,
		 0.649622; -0.017882;  0.746199;,
		 0.424113;  0.000000;  0.394653;,
		 0.303780; -0.006608;  0.472262;,
		 0.408794; -0.017882;  0.901164;,
		 0.529208; -0.024491;  0.823681;,
		 0.303780; -0.006608;  0.472262;,
		 0.183447;  0.000000;  0.549871;,
		 0.403066;  0.125509;  0.904849;,
		 0.408794; -0.017882;  0.901164;,
		 0.183447;  0.000000;  0.549871;,
		 0.177723;  0.143392;  0.553562;,
		 0.518401;  0.000000; -0.259366;,
		 0.424555; -0.006608; -0.367514;,
		 0.421546;  0.143392; -0.362277;,
		 0.522865;  0.143392; -0.254222;,
		 0.424555; -0.006608; -0.367514;,
		 0.330709;  0.000000; -0.475662;,
		 0.326245;  0.143392; -0.480806;,
		 0.421546;  0.143392; -0.362277;,
		 0.522865;  0.143392; -0.254222;,
		 0.421546;  0.143392; -0.362277;,
		 0.424555;  0.293392; -0.367514;,
		 0.518401;  0.286784; -0.259366;,
		 0.421546;  0.143392; -0.362277;,
		 0.326245;  0.143392; -0.480806;,
		 0.330709;  0.286784; -0.475662;,
		 0.424555;  0.293392; -0.367514;,
		 0.576349;  0.000000;  0.061903;,
		 0.555828; -0.006608; -0.079808;,
		 0.550452;  0.143392; -0.077124;,
		 0.577326;  0.143392;  0.068643;,
		 0.555828; -0.006608; -0.079808;,
		 0.535306;  0.000000; -0.221519;,
		 0.534330;  0.143392; -0.228260;,
		 0.550452;  0.143392; -0.077124;,
		 0.577326;  0.143392;  0.068643;,
		 0.550452;  0.143392; -0.077124;,
		 0.555828;  0.293392; -0.079808;,
		 0.576349;  0.286784;  0.061903;,
		 0.550452;  0.143392; -0.077124;,
		 0.534330;  0.143392; -0.228260;,
		 0.535306;  0.286784; -0.221519;,
		 0.555828;  0.293392; -0.079808;,
		 0.451499;  0.000000;  0.363538;,
		 0.510810; -0.006608;  0.233210;,
		 0.504877;  0.143392;  0.232476;,
		 0.448677;  0.143392;  0.369737;,
		 0.510810; -0.006608;  0.233210;,
		 0.570121;  0.000000;  0.102882;,
		 0.572942;  0.143392;  0.096684;,
		 0.504877;  0.143392;  0.232476;,
		 0.448677;  0.143392;  0.369737;,
		 0.504877;  0.143392;  0.232476;,
		 0.510810;  0.293392;  0.233210;,
		 0.451499;  0.286784;  0.363538;,
		 0.504877;  0.143392;  0.232476;,
		 0.572942;  0.143392;  0.096684;,
		 0.570121;  0.286784;  0.102882;,
		 0.510810;  0.293392;  0.233210;,
		 0.183447;  0.000000;  0.549871;,
		 0.303780; -0.006608;  0.472262;,
		 0.299267;  0.143392;  0.468386;,
		 0.177723;  0.143392;  0.553562;,
		 0.303780; -0.006608;  0.472262;,
		 0.424113;  0.000000;  0.394653;,
		 0.429836;  0.143392;  0.390962;,
		 0.299267;  0.143392;  0.468386;,
		 0.177723;  0.143392;  0.553562;,
		 0.299267;  0.143392;  0.468386;,
		 0.303780;  0.293392;  0.472262;,
		 0.183447;  0.286784;  0.549871;,
		 0.299267;  0.143392;  0.468386;,
		 0.429836;  0.143392;  0.390962;,
		 0.424113;  0.286784;  0.394653;,
		 0.303780;  0.293392;  0.472262;,
		 4.081692; -0.000000;  2.019982;,
		 3.442477;  0.031211;  1.728405;,
		 3.439650;  0.174602;  1.734601;,
		 4.024872;  0.143392;  2.001549;,
		 2.572791;  0.188098;  1.339186;,
		 2.575618;  0.044706;  1.332989;,
		 2.043360;  0.026824;  1.090201;,
		 2.040534;  0.170215;  1.096397;,
		 1.208066;  0.134404;  0.716669;,
		 1.210893; -0.008987;  0.710473;,
		 0.831037; -0.017882;  0.537202;,
		 0.828211;  0.125509;  0.543399;,
		 4.024872;  0.143392;  2.001549;,
		 3.439650;  0.174602;  1.734601;,
		 3.442477;  0.317994;  1.728405;,
		 3.927808;  0.286784;  1.949787;,
		 2.575618;  0.331490;  1.332989;,
		 2.572791;  0.188098;  1.339186;,
		 2.040534;  0.170215;  1.096397;,
		 2.043360;  0.313607;  1.090201;,
		 1.210893;  0.277796;  0.710473;,
		 1.208066;  0.134404;  0.716669;,
		 0.828211;  0.125509;  0.543399;,
		 0.831037;  0.268901;  0.537202;,
		 3.927808;  0.286784;  1.949787;,
		 3.442477;  0.317994;  1.728405;,
		 3.501902;  0.324602;  1.598129;,
		 3.995987;  0.293392;  1.823505;,
		 2.635043;  0.338098;  1.202713;,
		 2.575618;  0.331490;  1.332989;,
		 2.043360;  0.313607;  1.090201;,
		 2.102785;  0.320215;  0.959925;,
		 1.270318;  0.284404;  0.580197;,
		 1.210893;  0.277796;  0.710473;,
		 0.831037;  0.268901;  0.537202;,
		 0.890462;  0.275509;  0.406926;,
		 3.995987;  0.293392;  1.823505;,
		 3.501902;  0.324602;  1.598129;,
		 3.561327;  0.317994;  1.467854;,
		 4.046658;  0.286784;  1.689236;,
		 2.694468;  0.331490;  1.072437;,
		 2.635043;  0.338098;  1.202713;,
		 2.102785;  0.320215;  0.959925;,
		 2.162210;  0.313607;  0.829649;,
		 1.329743;  0.277796;  0.449921;,
		 1.270318;  0.284404;  0.580197;,
		 0.890462;  0.275509;  0.406926;,
		 0.949887;  0.268901;  0.276651;,
		 4.046658;  0.286784;  1.689236;,
		 3.561327;  0.317994;  1.467854;,
		 3.564153;  0.174602;  1.461657;,
		 4.149375;  0.143392;  1.728604;,
		 2.697294;  0.188098;  1.066241;,
		 2.694468;  0.331490;  1.072437;,
		 2.162210;  0.313607;  0.829649;,
		 2.165037;  0.170215;  0.823452;,
		 1.332570;  0.134404;  0.443724;,
		 1.329743;  0.277796;  0.449921;,
		 0.949887;  0.268901;  0.276651;,
		 0.952714;  0.125509;  0.270454;,
		 4.149375;  0.143392;  1.728604;,
		 3.564153;  0.174602;  1.461657;,
		 3.561327;  0.031211;  1.467853;,
		 4.200542; -0.000000;  1.759430;,
		 2.694468;  0.044706;  1.072437;,
		 2.697294;  0.188098;  1.066241;,
		 2.165037;  0.170215;  0.823452;,
		 2.162210;  0.026824;  0.829649;,
		 1.329743; -0.008987;  0.449921;,
		 1.332570;  0.134404;  0.443724;,
		 0.952714;  0.125509;  0.270454;,
		 0.949887; -0.017882;  0.276651;,
		 4.200542; -0.000000;  1.759430;,
		 3.561327;  0.031211;  1.467853;,
		 3.501902;  0.024602;  1.598129;,
		 4.149872; -0.006608;  1.893699;,
		 2.635043;  0.038098;  1.202713;,
		 2.694468;  0.044706;  1.072437;,
		 2.162210;  0.026824;  0.829649;,
		 2.102785;  0.020215;  0.959925;,
		 1.270318; -0.015596;  0.580197;,
		 1.329743; -0.008987;  0.449921;,
		 0.949887; -0.017882;  0.276651;,
		 0.890462; -0.024491;  0.406926;,
		 4.149872; -0.006608;  1.893699;,
		 3.501902;  0.024602;  1.598129;,
		 3.442477;  0.031211;  1.728405;,
		 4.081692; -0.000000;  2.019982;,
		 2.575618;  0.044706;  1.332989;,
		 2.635043;  0.038098;  1.202713;,
		 2.102785;  0.020215;  0.959925;,
		 2.043360;  0.026824;  1.090201;,
		 1.210893; -0.008987;  0.710473;,
		 1.270318; -0.015596;  0.580197;,
		 0.890462; -0.024491;  0.406926;,
		 0.831037; -0.017882;  0.537202;,
		 4.200542; -0.000000;  1.759430;,
		 4.149872; -0.006608;  1.893699;,
		 4.095878;  0.143392;  1.869070;,
		 4.149375;  0.143392;  1.728604;,
		 4.149872; -0.006608;  1.893699;,
		 4.081692; -0.000000;  2.019982;,
		 4.024872;  0.143392;  2.001549;,
		 4.095878;  0.143392;  1.869070;,
		 4.149375;  0.143392;  1.728604;,
		 4.095878;  0.143392;  1.869070;,
		 3.995987;  0.293392;  1.823505;,
		 4.046658;  0.286784;  1.689236;,
		 4.095878;  0.143392;  1.869070;,
		 4.024872;  0.143392;  2.001549;,
		 3.927808;  0.286784;  1.949787;,
		 3.995987;  0.293392;  1.823505;,
		 2.575618;  0.044706;  1.332989;,
		 2.725723;  0.049093;  1.401459;,
		 2.785147;  0.042485;  1.271183;,
		 2.635043;  0.038098;  1.202713;,
		 2.725723;  0.049093;  1.401459;,
		 2.875827;  0.044706;  1.469929;,
		 2.935252;  0.038098;  1.339653;,
		 2.785147;  0.042485;  1.271183;,
		 2.875827;  0.044706;  1.469929;,
		 2.725723;  0.049093;  1.401459;,
		 2.722896;  0.192485;  1.407655;,
		 2.873001;  0.188098;  1.476125;,
		 2.725723;  0.049093;  1.401459;,
		 2.575618;  0.044706;  1.332989;,
		 2.572791;  0.188098;  1.339186;,
		 2.722896;  0.192485;  1.407655;,
		 2.873001;  0.188098;  1.476125;,
		 2.722896;  0.192485;  1.407655;,
		 2.725723;  0.335877;  1.401459;,
		 2.875827;  0.331490;  1.469929;,
		 2.722896;  0.192485;  1.407655;,
		 2.572791;  0.188098;  1.339186;,
		 2.575618;  0.331490;  1.332989;,
		 2.725723;  0.335877;  1.401459;,
		 1.210893; -0.008987;  0.710473;,
		 1.360998; -0.006920;  0.778943;,
		 1.420423; -0.013528;  0.648667;,
		 1.270318; -0.015596;  0.580197;,
		 1.360998; -0.006920;  0.778943;,
		 1.511102; -0.000000;  0.847413;,
		 1.570527; -0.006608;  0.717137;,
		 1.420423; -0.013528;  0.648667;,
		 1.511102; -0.000000;  0.847413;,
		 1.360998; -0.006920;  0.778943;,
		 1.358171;  0.136472;  0.785139;,
		 1.508276;  0.143392;  0.853609;,
		 1.360998; -0.006920;  0.778943;,
		 1.210893; -0.008987;  0.710473;,
		 1.208066;  0.134404;  0.716669;,
		 1.358171;  0.136472;  0.785139;,
		 1.508276;  0.143392;  0.853609;,
		 1.358171;  0.136472;  0.785139;,
		 1.360998;  0.279864;  0.778943;,
		 1.511102;  0.286784;  0.847413;,
		 1.358171;  0.136472;  0.785139;,
		 1.208066;  0.134404;  0.716669;,
		 1.210893;  0.277796;  0.710473;,
		 1.360998;  0.279864;  0.778943;,
		 2.875827;  0.331490;  1.469929;,
		 2.725723;  0.335877;  1.401459;,
		 2.785147;  0.342485;  1.271183;,
		 2.935252;  0.338098;  1.339653;,
		 2.725723;  0.335877;  1.401459;,
		 2.575618;  0.331490;  1.332989;,
		 2.635043;  0.338098;  1.202713;,
		 2.785147;  0.342485;  1.271183;,
		 1.511102;  0.286784;  0.847413;,
		 1.360998;  0.279864;  0.778943;,
		 1.420423;  0.286472;  0.648667;,
		 1.570527;  0.293392;  0.717137;,
		 1.360998;  0.279864;  0.778943;,
		 1.210893;  0.277796;  0.710473;,
		 1.270318;  0.284404;  0.580197;,
		 1.420423;  0.286472;  0.648667;,
		 2.935252;  0.338098;  1.339653;,
		 2.785147;  0.342485;  1.271183;,
		 2.844572;  0.335877;  1.140907;,
		 2.994677;  0.331490;  1.209377;,
		 2.785147;  0.342485;  1.271183;,
		 2.635043;  0.338098;  1.202713;,
		 2.694468;  0.331490;  1.072437;,
		 2.844572;  0.335877;  1.140907;,
		 1.570527;  0.293392;  0.717137;,
		 1.420423;  0.286472;  0.648667;,
		 1.479848;  0.279864;  0.518391;,
		 1.629953;  0.286784;  0.586861;,
		 1.420423;  0.286472;  0.648667;,
		 1.270318;  0.284404;  0.580197;,
		 1.329743;  0.277796;  0.449921;,
		 1.479848;  0.279864;  0.518391;,
		 2.994677;  0.331490;  1.209377;,
		 2.844572;  0.335877;  1.140907;,
		 2.847399;  0.192485;  1.134711;,
		 2.997504;  0.188098;  1.203181;,
		 2.844572;  0.335877;  1.140907;,
		 2.694468;  0.331490;  1.072437;,
		 2.697294;  0.188098;  1.066241;,
		 2.847399;  0.192485;  1.134711;,
		 1.629953;  0.286784;  0.586861;,
		 1.479848;  0.279864;  0.518391;,
		 1.482674;  0.136472;  0.512194;,
		 1.632779;  0.143392;  0.580664;,
		 1.479848;  0.279864;  0.518391;,
		 1.329743;  0.277796;  0.449921;,
		 1.332570;  0.134404;  0.443724;,
		 1.482674;  0.136472;  0.512194;,
		 2.997504;  0.188098;  1.203181;,
		 2.847399;  0.192485;  1.134711;,
		 2.844572;  0.049093;  1.140907;,
		 2.994677;  0.044706;  1.209377;,
		 2.847399;  0.192485;  1.134711;,
		 2.697294;  0.188098;  1.066241;,
		 2.694468;  0.044706;  1.072437;,
		 2.844572;  0.049093;  1.140907;,
		 1.632779;  0.143392;  0.580664;,
		 1.482674;  0.136472;  0.512194;,
		 1.479848; -0.006920;  0.518391;,
		 1.629953; -0.000000;  0.586861;,
		 1.482674;  0.136472;  0.512194;,
		 1.332570;  0.134404;  0.443724;,
		 1.329743; -0.008987;  0.449921;,
		 1.479848; -0.006920;  0.518391;,
		 2.994677;  0.044706;  1.209377;,
		 2.844572;  0.049093;  1.140907;,
		 2.785147;  0.042485;  1.271183;,
		 2.935252;  0.038098;  1.339653;,
		 2.844572;  0.049093;  1.140907;,
		 2.694468;  0.044706;  1.072437;,
		 2.635043;  0.038098;  1.202713;,
		 2.785147;  0.042485;  1.271183;,
		 1.629953; -0.000000;  0.586861;,
		 1.479848; -0.006920;  0.518391;,
		 1.420423; -0.013528;  0.648667;,
		 1.570527; -0.006608;  0.717137;,
		 1.479848; -0.006920;  0.518391;,
		 1.329743; -0.008987;  0.449921;,
		 1.270318; -0.015596;  0.580197;,
		 1.420423; -0.013528;  0.648667;,
		 3.439650;  0.174602;  1.734601;,
		 2.873001;  0.188098;  1.476125;,
		 2.875827;  0.331490;  1.469929;,
		 3.442477;  0.317994;  1.728405;,
		 3.501902;  0.324602;  1.598129;,
		 3.442477;  0.317994;  1.728405;,
		 2.875827;  0.331490;  1.469929;,
		 2.935252;  0.338098;  1.339653;,
		 3.561327;  0.317994;  1.467854;,
		 3.501902;  0.324602;  1.598129;,
		 2.935252;  0.338098;  1.339653;,
		 2.994677;  0.331490;  1.209377;,
		 3.564153;  0.174602;  1.461657;,
		 3.561327;  0.317994;  1.467854;,
		 2.994677;  0.331490;  1.209377;,
		 2.997504;  0.188098;  1.203181;,
		 3.561327;  0.031211;  1.467853;,
		 3.564153;  0.174602;  1.461657;,
		 2.997504;  0.188098;  1.203181;,
		 2.994677;  0.044706;  1.209377;,
		 3.501902;  0.024602;  1.598129;,
		 3.561327;  0.031211;  1.467853;,
		 2.994677;  0.044706;  1.209377;,
		 2.935252;  0.038098;  1.339653;,
		 3.442477;  0.031211;  1.728405;,
		 3.501902;  0.024602;  1.598129;,
		 2.935252;  0.038098;  1.339653;,
		 2.875827;  0.044706;  1.469929;,
		 3.439650;  0.174602;  1.734601;,
		 3.442477;  0.031211;  1.728405;,
		 2.875827;  0.044706;  1.469929;,
		 2.873001;  0.188098;  1.476125;,
		 2.043360;  0.313607;  1.090201;,
		 2.040534;  0.170215;  1.096397;,
		 1.508276;  0.143392;  0.853609;,
		 1.511102;  0.286784;  0.847413;,
		 2.102785;  0.320215;  0.959925;,
		 2.043360;  0.313607;  1.090201;,
		 1.511102;  0.286784;  0.847413;,
		 1.570527;  0.293392;  0.717137;,
		 2.162210;  0.313607;  0.829649;,
		 2.102785;  0.320215;  0.959925;,
		 1.570527;  0.293392;  0.717137;,
		 1.629953;  0.286784;  0.586861;,
		 2.165037;  0.170215;  0.823452;,
		 2.162210;  0.313607;  0.829649;,
		 1.629953;  0.286784;  0.586861;,
		 1.632779;  0.143392;  0.580664;,
		 2.162210;  0.026824;  0.829649;,
		 2.165037;  0.170215;  0.823452;,
		 1.632779;  0.143392;  0.580664;,
		 1.629953; -0.000000;  0.586861;,
		 2.102785;  0.020215;  0.959925;,
		 2.162210;  0.026824;  0.829649;,
		 1.629953; -0.000000;  0.586861;,
		 1.570527; -0.006608;  0.717137;,
		 2.043360;  0.026824;  1.090201;,
		 2.102785;  0.020215;  0.959925;,
		 1.570527; -0.006608;  0.717137;,
		 1.511102; -0.000000;  0.847413;,
		 2.040534;  0.170215;  1.096397;,
		 2.043360;  0.026824;  1.090201;,
		 1.511102; -0.000000;  0.847413;,
		 1.508276;  0.143392;  0.853609;,
		 0.831037;  0.268901;  0.537202;,
		 0.828211;  0.125509;  0.543399;,
		 0.448677;  0.143392;  0.369737;,
		 0.451499;  0.286784;  0.363538;,
		 0.890462;  0.275509;  0.406926;,
		 0.831037;  0.268901;  0.537202;,
		 0.451499;  0.286784;  0.363538;,
		 0.510810;  0.293392;  0.233210;,
		 0.949887;  0.268901;  0.276651;,
		 0.890462;  0.275509;  0.406926;,
		 0.510810;  0.293392;  0.233210;,
		 0.570121;  0.286784;  0.102882;,
		 0.952714;  0.125509;  0.270454;,
		 0.949887;  0.268901;  0.276651;,
		 0.570121;  0.286784;  0.102882;,
		 0.572942;  0.143392;  0.096684;,
		 0.949887; -0.017882;  0.276651;,
		 0.952714;  0.125509;  0.270454;,
		 0.572942;  0.143392;  0.096684;,
		 0.570121;  0.000000;  0.102882;,
		 0.890462; -0.024491;  0.406926;,
		 0.949887; -0.017882;  0.276651;,
		 0.570121;  0.000000;  0.102882;,
		 0.510810; -0.006608;  0.233210;,
		 0.831037; -0.017882;  0.537202;,
		 0.890462; -0.024491;  0.406926;,
		 0.510810; -0.006608;  0.233210;,
		 0.451499;  0.000000;  0.363538;,
		 0.828211;  0.125509;  0.543399;,
		 0.831037; -0.017882;  0.537202;,
		 0.451499;  0.000000;  0.363538;,
		 0.448677;  0.143392;  0.369737;,
		 4.525887; -0.000000; -0.506838;,
		 3.830494;  0.031211; -0.406631;,
		 3.831465;  0.174602; -0.399889;,
		 4.468119;  0.143392; -0.491632;,
		 2.888422;  0.188098; -0.263995;,
		 2.887450;  0.044706; -0.270736;,
		 2.308415;  0.026824; -0.187296;,
		 2.309386;  0.170215; -0.180554;,
		 1.403757;  0.134404; -0.050051;,
		 1.402786; -0.008987; -0.056793;,
		 0.989546; -0.017882;  0.002756;,
		 0.990517;  0.125509;  0.009497;,
		 4.468119;  0.143392; -0.491632;,
		 3.831465;  0.174602; -0.399889;,
		 3.830495;  0.317994; -0.406631;,
		 4.358478;  0.286784; -0.482714;,
		 2.887450;  0.331490; -0.270736;,
		 2.888422;  0.188098; -0.263995;,
		 2.309386;  0.170215; -0.180554;,
		 2.308415;  0.313607; -0.187296;,
		 1.402786;  0.277796; -0.056793;,
		 1.403757;  0.134404; -0.050051;,
		 0.990517;  0.125509;  0.009497;,
		 0.989546;  0.268901;  0.002756;,
		 4.358478;  0.286784; -0.482714;,
		 3.830495;  0.317994; -0.406631;,
		 3.810071;  0.324602; -0.548356;,
		 4.347579;  0.293392; -0.625812;,
		 2.867027;  0.338098; -0.412461;,
		 2.887450;  0.331490; -0.270736;,
		 2.308415;  0.313607; -0.187296;,
		 2.287992;  0.320215; -0.329021;,
		 1.382363;  0.284404; -0.198518;,
		 1.402786;  0.277796; -0.056793;,
		 0.989546;  0.268901;  0.002756;,
		 0.969123;  0.275509; -0.138969;,
		 4.347579;  0.293392; -0.625812;,
		 3.810071;  0.324602; -0.548356;,
		 3.789649;  0.317994; -0.690081;,
		 4.317633;  0.286784; -0.766165;,
		 2.846604;  0.331490; -0.554186;,
		 2.867027;  0.338098; -0.412461;,
		 2.287992;  0.320215; -0.329021;,
		 2.267569;  0.313607; -0.470746;,
		 1.361940;  0.277796; -0.340243;,
		 1.382363;  0.284404; -0.198518;,
		 0.969123;  0.275509; -0.138969;,
		 0.948700;  0.268901; -0.280694;,
		 4.317633;  0.286784; -0.766165;,
		 3.789649;  0.317994; -0.690081;,
		 3.788677;  0.174602; -0.696822;,
		 4.425330;  0.143392; -0.788565;,
		 2.845633;  0.188098; -0.560928;,
		 2.846604;  0.331490; -0.554186;,
		 2.267569;  0.313607; -0.470746;,
		 2.266598;  0.170215; -0.477487;,
		 1.360968;  0.134404; -0.346984;,
		 1.361940;  0.277796; -0.340243;,
		 0.948700;  0.268901; -0.280694;,
		 0.947729;  0.125509; -0.287435;,
		 4.425330;  0.143392; -0.788565;,
		 3.788677;  0.174602; -0.696822;,
		 3.789648;  0.031211; -0.690081;,
		 4.485042;  0.000000; -0.790289;,
		 2.846604;  0.044706; -0.554186;,
		 2.845633;  0.188098; -0.560928;,
		 2.266598;  0.170215; -0.477487;,
		 2.267569;  0.026824; -0.470746;,
