xof 0303txt 0032

AnimTicksPerSecond {
	30;
}
Material blinn5 {
	 1.000000; 1.000000; 1.000000; 1.000000;;
	 128.000000;
	 0.500000; 0.500000; 0.500000;;
	 0.000000; 0.000000; 0.000000;;
	TextureFileName {".\\Waffle_D.dds";}
}
Frame Pancakes_ROOTSHJnt {
	FrameTransformMatrix {
		0.997135,-0.060790,-0.045013,0.000000,0.060838,0.998148,-0.000313,0.000000,0.044949,-0.002427,0.998986,0.000000,0.000000,1.407701,-0.000000,1.000000;;
	}
	Frame Pancakes_Head_AuxSHJnt {
		FrameTransformMatrix {
			1.000000,0.000000,-0.000000,0.000000,0.000000,1.000000,-0.000000,0.000000,-0.000000,-0.000000,1.000000,0.000000,-0.000000,0.729237,0.000000,1.000000;;
		}
		Frame Pancakes_l_MiddleArm_ClavicleSHJnt {
			FrameTransformMatrix {
				0.999998,-0.001958,0.000000,0.000000,0.001958,0.999998,-0.000000,0.000000,-0.000000,0.000000,1.000000,0.000000,1.267050,-0.218771,-0.000000,1.000000;;
			}
			Frame Pancakes_l_MiddleArm_ShoulderSHJnt {
				FrameTransformMatrix {
					0.897798,0.430026,0.095063,0.000000,0.102600,0.005688,-0.994706,0.000000,-0.428291,0.902798,-0.039014,0.000000,1.194126,-0.018231,-0.000000,1.000000;;
				}
				Frame Pancakes_l_MiddleArm_ElbowSHJnt {
					FrameTransformMatrix {
						-0.127768,0.000000,-0.991804,0.000000,0.000000,1.000000,-0.000000,0.000000,0.991804,-0.000000,-0.127768,0.000000,1.140610,-0.000000,0.000000,1.000000;;
					}
				}
			}
		}
		Frame Pancakes_r_MiddleArm_ClavicleSHJnt {
			FrameTransformMatrix {
				0.999998,0.001958,-0.000000,0.000000,-0.001958,0.999998,-0.000000,0.000000,-0.000000,-0.000000,1.000000,0.000000,-1.267050,-0.218771,-0.000000,1.000000;;
			}
			Frame Pancakes_r_MiddleArm_ShoulderSHJnt {
				FrameTransformMatrix {
					0.994955,0.099549,0.012418,0.000000,0.011133,0.013460,-0.999847,0.000000,-0.099701,0.994942,0.012284,0.000000,-1.194126,-0.018231,-0.000000,1.000000;;
				}
				Frame Pancakes_r_MiddleArm_ElbowSHJnt {
					FrameTransformMatrix {
						0.489428,0.000000,0.872044,0.000000,0.000000,1.000000,-0.000000,0.000000,-0.872044,-0.000000,0.489428,0.000000,-1.140610,0.000000,0.000000,1.000000;;
					}
				}
			}
		}
		Frame Pancakes_Nose_01_01SHJnt {
			FrameTransformMatrix {
				-0.025067,0.045394,-0.998655,0.000000,-0.000000,0.998969,0.045408,0.000000,0.999686,0.001138,-0.025041,0.000000,0.000000,-0.237002,-1.319365,1.000000;;
			}
			Frame Pancakes_Nose_01_02SHJnt {
				FrameTransformMatrix {
					0.758570,0.651592,-0.000000,0.000000,-0.651592,0.758570,-0.000000,0.000000,-0.000000,-0.000000,1.000000,0.000000,1.139433,0.000000,-0.000000,1.000000;;
				}
				Frame Pancakes_Nose_01_03SHJnt {
					FrameTransformMatrix {
						-0.177978,-0.984035,0.000000,0.000000,0.984035,-0.177978,-0.000000,0.000000,-0.000000,0.000000,1.000000,0.000000,1.139433,0.000000,-0.000000,1.000000;;
					}
					Frame Pancakes_Nose_01_04SHJnt {
						FrameTransformMatrix {
							-0.142867,-0.989742,0.000000,0.000000,0.989742,-0.142867,-0.000000,0.000000,-0.000000,0.000000,1.000000,0.000000,1.139433,0.000000,-0.000000,1.000000;;
						}
						Frame Pancakes_Nose_01_05SHJnt {
							FrameTransformMatrix {
								-0.136757,-0.990605,0.000000,0.000000,0.990605,-0.136757,-0.000000,0.000000,-0.000000,0.000000,1.000000,0.000000,1.139433,-0.000000,-0.000000,1.000000;;
							}
						}
					}
				}
			}
		}
		Frame Pancakes_Tail_01_01SHJnt {
			FrameTransformMatrix {
				0.033985,0.023590,0.999144,0.000000,-0.000000,0.999721,-0.023604,0.000000,-0.999422,0.000802,0.033975,0.000000,-0.000000,-0.237002,1.319365,1.000000;;
			}
			Frame Pancakes_Tail_01_02SHJnt {
				FrameTransformMatrix {
					0.758910,-0.650795,-0.022821,0.000000,0.650965,0.759108,-0.000000,0.000000,0.017323,-0.014855,0.999740,0.000000,1.139433,0.000000,0.000000,1.000000;;
				}
				Frame Pancakes_Tail_01_03SHJnt {
					FrameTransformMatrix {
						0.934242,0.356452,0.011550,0.000000,-0.356476,0.934304,0.000000,0.000000,-0.010791,-0.004117,0.999933,0.000000,1.139433,0.000000,0.000000,1.000000;;
					}
					Frame Pancakes_Tail_01_04SHJnt {
						FrameTransformMatrix {
							0.993490,0.104792,0.044674,0.000000,-0.104896,0.994483,-0.000000,0.000000,-0.044427,-0.004686,0.999002,0.000000,1.139433,0.000000,0.000000,1.000000;;
						}
						Frame Pancakes_Tail_01_05SHJnt {
							FrameTransformMatrix {
								0.991652,0.107245,0.071590,0.000000,-0.107521,0.994203,0.000000,0.000000,-0.071175,-0.007697,0.997434,0.000000,1.139433,0.000000,0.000000,1.000000;;
							}
						}
					}
				}
			}
		}
	}
	Frame Pancakes_l_FrontArm_ClavicleSHJnt {
		FrameTransformMatrix {
			0.707102,-0.003663,-0.707102,0.000000,0.002590,0.999993,-0.002590,0.000000,0.707107,-0.000000,0.707107,0.000000,0.895940,-0.027346,-0.895940,1.000000;;
		}
		Frame Pancakes_l_FrontArm_ShoulderSHJnt {
			FrameTransformMatrix {
				0.848017,0.369117,0.380288,0.000000,0.393948,0.040946,-0.918220,0.000000,-0.354503,0.928480,-0.110690,0.000000,1.194126,-0.018231,0.000000,1.000000;;
			}
			Frame Pancakes_l_FrontArm_ElbowSHJnt {
				FrameTransformMatrix {
					0.432103,0.000000,-0.901824,0.000000,-0.000000,1.000000,-0.000000,0.000000,0.901824,0.000000,0.432103,0.000000,1.140610,-0.000000,0.000000,1.000000;;
				}
			}
		}
	}
	Frame Pancakes_r_FrontArm_ClavicleSHJnt {
		FrameTransformMatrix {
			0.707102,0.003663,0.707102,0.000000,-0.002590,0.999993,-0.002590,0.000000,-0.707107,-0.000000,0.707107,0.000000,-0.895940,-0.027346,-0.895940,1.000000;;
		}
		Frame Pancakes_r_FrontArm_ShoulderSHJnt {
			FrameTransformMatrix {
				0.944635,-0.324820,-0.046438,0.000000,-0.034795,0.041565,-0.998530,0.000000,0.326273,0.944862,0.027961,0.000000,-1.194126,-0.018231,0.000000,1.000000;;
			}
			Frame Pancakes_r_FrontArm_ElbowSHJnt {
				FrameTransformMatrix {
					0.199206,0.000000,0.979958,0.000000,0.000000,1.000000,-0.000000,0.000000,-0.979958,-0.000000,0.199206,0.000000,-1.140610,0.000000,0.000000,1.000000;;
				}
			}
		}
	}
	Frame Pancakes_l_BackArm_ClavicleSHJnt {
		FrameTransformMatrix {
			0.707102,-0.003680,0.707102,0.000000,0.002602,0.999993,0.002602,0.000000,-0.707107,-0.000000,0.707107,0.000000,0.895940,-0.027346,0.895940,1.000000;;
		}
		Frame Pancakes_l_BackArm_ShoulderSHJnt {
			FrameTransformMatrix {
				0.927462,0.344698,-0.144902,0.000000,-0.146987,-0.020228,-0.988932,0.000000,-0.343814,0.938496,0.031905,0.000000,1.194126,-0.018231,-0.000000,1.000000;;
			}
			Frame Pancakes_l_BackArm_ElbowSHJnt {
				FrameTransformMatrix {
					0.469581,0.000000,-0.882889,0.000000,-0.000000,1.000000,-0.000000,0.000000,0.882889,0.000000,0.469581,0.000000,1.140610,0.000000,0.000000,1.000000;;
				}
			}
		}
	}
	Frame Pancakes_r_BackArm_ClavicleSHJnt {
		FrameTransformMatrix {
			0.707102,0.003680,-0.707102,0.000000,-0.002602,0.999993,0.002602,0.000000,0.707107,-0.000000,0.707107,0.000000,-0.895940,-0.027346,0.895940,1.000000;;
		}
		Frame Pancakes_r_BackArm_ShoulderSHJnt {
			FrameTransformMatrix {
				0.902209,-0.350871,0.250818,0.000000,0.252580,-0.041559,-0.966683,0.000000,0.349605,0.935501,0.051128,0.000000,-1.194126,-0.018231,-0.000000,1.000000;;
			}
			Frame Pancakes_r_BackArm_ElbowSHJnt {
				FrameTransformMatrix {
					0.145138,0.000000,0.989411,0.000000,0.000000,1.000000,-0.000000,0.000000,-0.989411,-0.000000,0.145138,0.000000,-1.140610,-0.000000,0.000000,1.000000;;
				}
			}
		}
	}
	Frame Pancakes_l_EyeBase_AuxSHJnt {
		FrameTransformMatrix {
			0.900212,-0.002025,0.435447,0.000000,0.434584,0.067273,-0.898115,0.000000,-0.027475,0.997733,0.061440,0.000000,0.936825,0.014118,-2.260129,1.000000;;
		}
		Frame Pancakes_l_Pupil_AuxSHJnt {
			FrameTransformMatrix {
				0.217026,0.000000,0.976166,0.000000,0.000000,1.000000,-0.000000,0.000000,-0.976166,-0.000000,0.217026,0.000000,0.188607,0.028548,-0.041932,1.000000;;
			}
		}
		Frame Pancakes_l_UpperLidClosed_AuxSHJnt {
			FrameTransformMatrix {
				1.000000,0.000000,-0.000000,0.000000,0.000000,1.000000,-0.000000,0.000000,-0.000000,-0.000000,1.000000,0.000000,0.000000,0.000000,-0.000000,1.000000;;
			}
		}
		Frame Pancakes_l_UpperLidOpen_AuxSHJnt {
			FrameTransformMatrix {
				0.001000,0.000000,-0.000000,0.000000,0.000000,0.001000,-0.000000,0.000000,-0.000000,-0.000000,0.001000,0.000000,0.000000,0.000000,-0.000000,1.000000;;
			}
		}
		Frame Pancakes_l_LowerLidOpen_AuxSHJnt {
			FrameTransformMatrix {
				0.001000,0.000000,-0.000000,0.000000,0.000000,0.001000,-0.000000,0.000000,-0.000000,-0.000000,0.001000,0.000000,0.000000,0.000000,-0.000000,1.000000;;
			}
		}
		Frame Pancakes_l_LowerLidClosed_AuxSHJnt {
			FrameTransformMatrix {
				0.001000,0.000000,-0.000000,0.000000,0.000000,0.001000,-0.000000,0.000000,-0.000000,-0.000000,0.001000,0.000000,0.000000,0.000000,-0.000000,1.000000;;
			}
		}
	}
	Frame Pancakes_r_EyeBase_AuxSHJnt {
		FrameTransformMatrix {
			0.900212,0.002025,-0.435447,0.000000,-0.434584,0.067273,-0.898115,0.000000,0.027475,0.997733,0.061440,0.000000,-0.936825,0.014118,-2.260129,1.000000;;
		}
		Frame Pancakes_r_Pupil_AuxSHJnt {
			FrameTransformMatrix {
				0.217026,0.000000,0.976166,0.000000,0.000000,1.000000,-0.000000,0.000000,-0.976166,-0.000000,0.217026,0.000000,0.188607,0.028548,-0.041932,1.000000;;
			}
		}
		Frame Pancakes_r_UpperLidClosed_AuxSHJnt {
			FrameTransformMatrix {
				1.000000,0.000000,-0.000000,0.000000,0.000000,1.000000,-0.000000,0.000000,-0.000000,-0.000000,1.000000,0.000000,0.000000,0.000000,0.000000,1.000000;;
			}
		}
		Frame Pancakes_r_UpperLidOpen_AuxSHJnt {
			FrameTransformMatrix {
				0.001000,0.000000,-0.000000,0.000000,0.000000,0.001000,-0.000000,0.000000,-0.000000,-0.000000,0.001000,0.000000,0.000000,0.000000,0.000000,1.000000;;
			}
		}
		Frame Pancakes_r_LowerLidOpen_AuxSHJnt {
			FrameTransformMatrix {
				0.001000,0.000000,-0.000000,0.000000,0.000000,0.001000,-0.000000,0.000000,-0.000000,-0.000000,0.001000,0.000000,0.000000,0.000000,0.000000,1.000000;;
			}
		}
		Frame Pancakes_r_LowerLidClosed_AuxSHJnt {
			FrameTransformMatrix {
				0.001000,0.000000,-0.000000,0.000000,0.000000,0.001000,-0.000000,0.000000,-0.000000,-0.000000,0.001000,0.000000,0.000000,0.000000,0.000000,1.000000;;
			}
		}
	}
}
Frame WaffleGeo {
	FrameTransformMatrix {
		1.000000,0.000000,-0.000000,0.000000,0.000000,1.000000,-0.000000,0.000000,-0.000000,-0.000000,1.000000,0.000000,0.000000,0.000000,-0.000000,1.000000;;
	}
	Mesh WaffleGeoShape {
		18600;
		-2.471509;  0.631557; -2.596509;,
		-2.527936;  0.667147; -2.527936;,
		-2.578563;  0.777646; -2.578563;,
		-2.480018;  0.715736; -2.696524;,
		-2.527936;  0.667147; -2.527936;,
		-2.596509;  0.631557; -2.471509;,
		-2.696524;  0.715736; -2.480018;,
		-2.578563;  0.777646; -2.578563;,
		-2.596509;  0.631557; -2.471509;,
		-2.637059;  0.545635; -2.460283;,
		-2.764800;  0.566274; -2.458614;,
		-2.696524;  0.715736; -2.480018;,
		-2.637059;  0.545635; -2.460283;,
		-2.625833;  0.459713; -2.500833;,
		-2.743397;  0.416812; -2.526891;,
		-2.764800;  0.566274; -2.458614;,
		-2.625833;  0.459713; -2.500833;,
		-2.569406;  0.424123; -2.569406;,
		-2.644851;  0.354903; -2.644851;,
		-2.743397;  0.416812; -2.526891;,
		-2.569406;  0.424123; -2.569406;,
		-2.500833;  0.459713; -2.625833;,
		-2.526891;  0.416812; -2.743397;,
		-2.644851;  0.354903; -2.644851;,
		-2.500833;  0.459713; -2.625833;,
		-2.460283;  0.545635; -2.637059;,
		-2.458614;  0.566274; -2.764800;,
		-2.526891;  0.416812; -2.743397;,
		-2.460283;  0.545635; -2.637059;,
		-2.471509;  0.631557; -2.596509;,
		-2.480018;  0.715736; -2.696524;,
		-2.458614;  0.566274; -2.764800;,
		-2.480018;  0.715736; -2.696524;,
		-2.578563;  0.777646; -2.578563;,
		-2.664353;  0.837150; -2.664353;,
		-2.549276;  0.765285; -2.799276;,
		-2.578563;  0.777646; -2.578563;,
		-2.696524;  0.715736; -2.480018;,
		-2.799276;  0.765285; -2.549276;,
		-2.664353;  0.837150; -2.664353;,
		-2.696524;  0.715736; -2.480018;,
		-2.764800;  0.566274; -2.458614;,
		-2.875010;  0.591785; -2.521456;,
		-2.799276;  0.765285; -2.549276;,
		-2.764800;  0.566274; -2.458614;,
		-2.743397;  0.416812; -2.526891;,
		-2.847190;  0.418285; -2.597190;,
		-2.875010;  0.591785; -2.521456;,
		-2.743397;  0.416812; -2.526891;,
		-2.644851;  0.354903; -2.644851;,
		-2.732113;  0.346419; -2.732113;,
		-2.847190;  0.418285; -2.597190;,
		-2.644851;  0.354903; -2.644851;,
		-2.526891;  0.416812; -2.743397;,
		-2.597190;  0.418285; -2.847190;,
		-2.732113;  0.346419; -2.732113;,
		-2.526891;  0.416812; -2.743397;,
		-2.458614;  0.566274; -2.764800;,
		-2.521456;  0.591785; -2.875010;,
		-2.597190;  0.418285; -2.847190;,
		-2.458614;  0.566274; -2.764800;,
		-2.480018;  0.715736; -2.696524;,
		-2.549276;  0.765285; -2.799276;,
		-2.521456;  0.591785; -2.875010;,
		-2.549276;  0.765285; -2.799276;,
		-2.664353;  0.837150; -2.664353;,
		-2.896562;  0.890385; -2.896562;,
		-2.778200;  0.817766; -3.028200;,
		-2.664353;  0.837150; -2.664353;,
		-2.799276;  0.765285; -2.549276;,
		-3.028200;  0.817766; -2.778200;,
		-2.896562;  0.890385; -2.896562;,
		-2.799276;  0.765285; -2.549276;,
		-2.875010;  0.591785; -2.521456;,
		-3.096003;  0.642448; -2.742450;,
		-3.028200;  0.817766; -2.778200;,
		-2.875010;  0.591785; -2.521456;,
		-2.847190;  0.418285; -2.597190;,
		-3.060253;  0.467130; -2.810253;,
		-3.096003;  0.642448; -2.742450;,
		-2.847190;  0.418285; -2.597190;,
		-2.732113;  0.346419; -2.732113;,
		-2.941892;  0.394511; -2.941892;,
		-3.060253;  0.467130; -2.810253;,
		-2.732113;  0.346419; -2.732113;,
		-2.597190;  0.418285; -2.847190;,
		-2.810253;  0.467130; -3.060253;,
		-2.941892;  0.394511; -2.941892;,
		-2.597190;  0.418285; -2.847190;,
		-2.521456;  0.591785; -2.875010;,
		-2.742450;  0.642448; -3.096004;,
		-2.810253;  0.467130; -3.060253;,
		-2.521456;  0.591785; -2.875010;,
		-2.549276;  0.765285; -2.799276;,
		-2.778200;  0.817766; -3.028200;,
		-2.742450;  0.642448; -3.096004;,
		-2.778200;  0.817766; -3.028200;,
		-2.896562;  0.890385; -2.896562;,
		-3.130709;  0.922414; -3.130709;,
		-3.009036;  0.849342; -3.259035;,
		-2.896562;  0.890385; -2.896562;,
		-3.028200;  0.817766; -2.778200;,
		-3.259035;  0.849342; -3.009036;,
		-3.130709;  0.922414; -3.130709;,
		-3.028200;  0.817766; -2.778200;,
		-3.096003;  0.642448; -2.742450;,
		-3.318842;  0.672930; -2.965289;,
		-3.259035;  0.849342; -3.009036;,
		-3.096003;  0.642448; -2.742450;,
		-3.060253;  0.467130; -2.810253;,
		-3.275095;  0.496518; -3.025095;,
		-3.318842;  0.672930; -2.965289;,
		-3.060253;  0.467130; -2.810253;,
		-2.941892;  0.394511; -2.941892;,
		-3.153421;  0.423446; -3.153421;,
		-3.275095;  0.496518; -3.025095;,
		-2.941892;  0.394511; -2.941892;,
		-2.810253;  0.467130; -3.060253;,
		-3.025095;  0.496518; -3.275095;,
		-3.153421;  0.423446; -3.153421;,
		-2.810253;  0.467130; -3.060253;,
		-2.742450;  0.642448; -3.096004;,
		-2.965289;  0.672930; -3.318842;,
		-3.025095;  0.496518; -3.275095;,
		-2.742450;  0.642448; -3.096004;,
		-2.778200;  0.817766; -3.028200;,
		-3.009036;  0.849342; -3.259035;,
		-2.965289;  0.672930; -3.318842;,
		-3.009036;  0.849342; -3.259035;,
		-3.130709;  0.922414; -3.130709;,
		-3.365828;  0.933105; -3.365828;,
		-3.240828;  0.859881; -3.490828;,
		-3.130709;  0.922414; -3.130709;,
		-3.259035;  0.849342; -3.009036;,
		-3.490828;  0.859881; -3.240828;,
		-3.365828;  0.933105; -3.365828;,
		-3.259035;  0.849342; -3.009036;,
		-3.318842;  0.672930; -2.965289;,
		-3.542605;  0.683105; -3.189052;,
		-3.490828;  0.859881; -3.240828;,
		-3.318842;  0.672930; -2.965289;,
		-3.275095;  0.496518; -3.025095;,
		-3.490828;  0.506328; -3.240828;,
		-3.542605;  0.683105; -3.189052;,
		-3.275095;  0.496518; -3.025095;,
		-3.153421;  0.423446; -3.153421;,
		-3.365828;  0.433105; -3.365828;,
		-3.490828;  0.506328; -3.240828;,
		-3.153421;  0.423446; -3.153421;,
		-3.025095;  0.496518; -3.275095;,
		-3.240828;  0.506328; -3.490828;,
		-3.365828;  0.433105; -3.365828;,
		-3.025095;  0.496518; -3.275095;,
		-2.965289;  0.672930; -3.318842;,
		-3.189052;  0.683105; -3.542605;,
		-3.240828;  0.506328; -3.490828;,
		-2.965289;  0.672930; -3.318842;,
		-3.009036;  0.849342; -3.259035;,
		-3.240828;  0.859881; -3.490828;,
		-3.189052;  0.683105; -3.542605;,
		-3.240828;  0.859881; -3.490828;,
		-3.365828;  0.933105; -3.365828;,
		-3.600947;  0.922414; -3.600947;,
		-3.472621;  0.849342; -3.722621;,
		-3.365828;  0.933105; -3.365828;,
		-3.490828;  0.859881; -3.240828;,
		-3.722621;  0.849342; -3.472621;,
		-3.600947;  0.922414; -3.600947;,
		-3.490828;  0.859881; -3.240828;,
		-3.542605;  0.683105; -3.189052;,
		-3.766368;  0.672930; -3.412815;,
		-3.722621;  0.849342; -3.472621;,
		-3.542605;  0.683105; -3.189052;,
		-3.490828;  0.506328; -3.240828;,
		-3.706561;  0.496518; -3.456561;,
		-3.766368;  0.672930; -3.412815;,
		-3.490828;  0.506328; -3.240828;,
		-3.365828;  0.433105; -3.365828;,
		-3.578235;  0.423446; -3.578235;,
		-3.706561;  0.496518; -3.456561;,
		-3.365828;  0.433105; -3.365828;,
		-3.240828;  0.506328; -3.490828;,
		-3.456561;  0.496518; -3.706561;,
		-3.578235;  0.423446; -3.578235;,
		-3.240828;  0.506328; -3.490828;,
		-3.189052;  0.683105; -3.542605;,
		-3.412815;  0.672930; -3.766368;,
		-3.456561;  0.496518; -3.706561;,
		-3.189052;  0.683105; -3.542605;,
		-3.240828;  0.859881; -3.490828;,
		-3.472621;  0.849342; -3.722621;,
		-3.412815;  0.672930; -3.766368;,
		-3.472621;  0.849342; -3.722621;,
		-3.600947;  0.922414; -3.600947;,
		-3.835095;  0.890385; -3.835095;,
		-3.703456;  0.817766; -3.953456;,
		-3.600947;  0.922414; -3.600947;,
		-3.722621;  0.849342; -3.472621;,
		-3.953456;  0.817766; -3.703456;,
		-3.835095;  0.890385; -3.835095;,
		-3.722621;  0.849342; -3.472621;,
		-3.766368;  0.672930; -3.412815;,
		-3.989207;  0.642448; -3.635653;,
		-3.953456;  0.817766; -3.703456;,
		-3.766368;  0.672930; -3.412815;,
		-3.706561;  0.496518; -3.456561;,
		-3.921403;  0.467130; -3.671403;,
		-3.989207;  0.642448; -3.635653;,
		-3.706561;  0.496518; -3.456561;,
		-3.578235;  0.423446; -3.578235;,
		-3.789765;  0.394511; -3.789765;,
		-3.921403;  0.467130; -3.671403;,
		-3.578235;  0.423446; -3.578235;,
		-3.456561;  0.496518; -3.706561;,
		-3.671403;  0.467130; -3.921403;,
		-3.789765;  0.394511; -3.789765;,
		-3.456561;  0.496518; -3.706561;,
		-3.412815;  0.672930; -3.766368;,
		-3.635653;  0.642448; -3.989207;,
		-3.671403;  0.467130; -3.921403;,
		-3.412815;  0.672930; -3.766368;,
		-3.472621;  0.849342; -3.722621;,
		-3.703456;  0.817766; -3.953456;,
		-3.635653;  0.642448; -3.989207;,
		-3.703456;  0.817766; -3.953456;,
		-3.835095;  0.890385; -3.835095;,
		-4.067304;  0.837150; -4.067304;,
		-3.932381;  0.765285; -4.182381;,
		-3.835095;  0.890385; -3.835095;,
		-3.953456;  0.817766; -3.703456;,
		-4.182381;  0.765285; -3.932381;,
		-4.067304;  0.837150; -4.067304;,
		-3.953456;  0.817766; -3.703456;,
		-3.989207;  0.642448; -3.635653;,
		-4.210200;  0.591785; -3.856647;,
		-4.182381;  0.765285; -3.932381;,
		-3.989207;  0.642448; -3.635653;,
		-3.921403;  0.467130; -3.671403;,
		-4.134467;  0.418285; -3.884467;,
		-4.210200;  0.591785; -3.856647;,
		-3.921403;  0.467130; -3.671403;,
		-3.789765;  0.394511; -3.789765;,
		-3.999543;  0.346419; -3.999543;,
		-4.134467;  0.418285; -3.884467;,
		-3.789765;  0.394511; -3.789765;,
		-3.671403;  0.467130; -3.921403;,
		-3.884467;  0.418285; -4.134467;,
		-3.999543;  0.346419; -3.999543;,
		-3.671403;  0.467130; -3.921403;,
		-3.635653;  0.642448; -3.989207;,
		-3.856647;  0.591785; -4.210200;,
		-3.884467;  0.418285; -4.134467;,
		-3.635653;  0.642448; -3.989207;,
		-3.703456;  0.817766; -3.953456;,
		-3.932381;  0.765285; -4.182381;,
		-3.856647;  0.591785; -4.210200;,
		-3.932381;  0.765285; -4.182381;,
		-4.067304;  0.837150; -4.067304;,
		-4.153093;  0.777646; -4.153093;,
		-4.035132;  0.715736; -4.251639;,
		-4.067304;  0.837150; -4.067304;,
		-4.182381;  0.765285; -3.932381;,
		-4.251639;  0.715736; -4.035132;,
		-4.153093;  0.777646; -4.153093;,
		-4.182381;  0.765285; -3.932381;,
		-4.210200;  0.591785; -3.856647;,
		-4.273042;  0.566274; -3.966856;,
		-4.251639;  0.715736; -4.035132;,
		-4.210200;  0.591785; -3.856647;,
		-4.134467;  0.418285; -3.884467;,
		-4.204766;  0.416812; -3.988260;,
		-4.273042;  0.566274; -3.966856;,
		-4.134467;  0.418285; -3.884467;,
		-3.999543;  0.346419; -3.999543;,
		-4.086805;  0.354903; -4.086805;,
		-4.204766;  0.416812; -3.988260;,
		-3.999543;  0.346419; -3.999543;,
		-3.884467;  0.418285; -4.134467;,
		-3.988260;  0.416812; -4.204766;,
		-4.086805;  0.354903; -4.086805;,
		-3.884467;  0.418285; -4.134467;,
		-3.856647;  0.591785; -4.210200;,
		-3.966856;  0.566274; -4.273042;,
		-3.988260;  0.416812; -4.204766;,
		-3.856647;  0.591785; -4.210200;,
		-3.932381;  0.765285; -4.182381;,
		-4.035132;  0.715736; -4.251639;,
		-3.966856;  0.566274; -4.273042;,
		-4.035132;  0.715736; -4.251639;,
		-4.153093;  0.777646; -4.153093;,
		-4.203721;  0.667147; -4.203721;,
		-4.135148;  0.631557; -4.260148;,
		-4.153093;  0.777646; -4.153093;,
		-4.251639;  0.715736; -4.035132;,
		-4.260148;  0.631557; -4.135148;,
		-4.203721;  0.667147; -4.203721;,
		-4.251639;  0.715736; -4.035132;,
		-4.273042;  0.566274; -3.966856;,
		-4.271374;  0.545635; -4.094597;,
		-4.260148;  0.631557; -4.135148;,
		-4.273042;  0.566274; -3.966856;,
		-4.204766;  0.416812; -3.988260;,
		-4.230824;  0.459713; -4.105824;,
		-4.271374;  0.545635; -4.094597;,
		-4.204766;  0.416812; -3.988260;,
		-4.086805;  0.354903; -4.086805;,
		-4.162251;  0.424123; -4.162251;,
		-4.230824;  0.459713; -4.105824;,
		-4.086805;  0.354903; -4.086805;,
		-3.988260;  0.416812; -4.204766;,
		-4.105824;  0.459713; -4.230824;,
		-4.162251;  0.424123; -4.162251;,
		-3.988260;  0.416812; -4.204766;,
		-3.966856;  0.566274; -4.273042;,
		-4.094597;  0.545635; -4.271374;,
		-4.105824;  0.459713; -4.230824;,
		-3.966856;  0.566274; -4.273042;,
		-4.035132;  0.715736; -4.251639;,
		-4.135148;  0.631557; -4.260148;,
		-4.094597;  0.545635; -4.271374;,
		-2.527936;  0.667147; -2.527936;,
		-2.471509;  0.631557; -2.596509;,
		-2.525667;  0.537667; -2.525667;,
		-2.596509;  0.631557; -2.471509;,
		-2.527936;  0.667147; -2.527936;,
		-2.525667;  0.537667; -2.525667;,
		-2.637059;  0.545635; -2.460283;,
		-2.596509;  0.631557; -2.471509;,
		-2.525667;  0.537667; -2.525667;,
		-2.625833;  0.459713; -2.500833;,
		-2.637059;  0.545635; -2.460283;,
		-2.525667;  0.537667; -2.525667;,
		-2.569406;  0.424123; -2.569406;,
		-2.625833;  0.459713; -2.500833;,
		-2.525667;  0.537667; -2.525667;,
		-2.500833;  0.459713; -2.625833;,
		-2.569406;  0.424123; -2.569406;,
		-2.525667;  0.537667; -2.525667;,
		-2.460283;  0.545635; -2.637059;,
		-2.500833;  0.459713; -2.625833;,
		-2.525667;  0.537667; -2.525667;,
		-2.471509;  0.631557; -2.596509;,
		-2.460283;  0.545635; -2.637059;,
		-2.525667;  0.537667; -2.525667;,
		-4.135148;  0.631557; -4.260148;,
		-4.203721;  0.667147; -4.203721;,
		-4.205989;  0.537667; -4.205989;,
		-4.203721;  0.667147; -4.203721;,
		-4.260148;  0.631557; -4.135148;,
		-4.205989;  0.537667; -4.205989;,
		-4.260148;  0.631557; -4.135148;,
		-4.271374;  0.545635; -4.094597;,
		-4.205989;  0.537667; -4.205989;,
		-4.271374;  0.545635; -4.094597;,
		-4.230824;  0.459713; -4.105824;,
		-4.205989;  0.537667; -4.205989;,
		-4.230824;  0.459713; -4.105824;,
		-4.162251;  0.424123; -4.162251;,
		-4.205989;  0.537667; -4.205989;,
		-4.162251;  0.424123; -4.162251;,
		-4.105824;  0.459713; -4.230824;,
		-4.205989;  0.537667; -4.205989;,
		-4.105824;  0.459713; -4.230824;,
		-4.094597;  0.545635; -4.271374;,
		-4.205989;  0.537667; -4.205989;,
		-4.094597;  0.545635; -4.271374;,
		-4.135148;  0.631557; -4.260148;,
		-4.205989;  0.537667; -4.205989;,
		-0.830925;  0.631493; -0.955925;,
		-0.893425;  0.668105; -0.893425;,
		-0.958130;  0.759611; -0.958130;,
		-0.849876;  0.696198; -1.066383;,
		-0.893425;  0.668105; -0.893425;,
		-0.955925;  0.631493; -0.830925;,
		-1.066383;  0.696198; -0.849876;,
		-0.958130;  0.759611; -0.958130;,
		-0.955925;  0.631493; -0.830925;,
		-0.981813;  0.543105; -0.805037;,
		-1.111223;  0.543105; -0.805037;,
		-1.066383;  0.696198; -0.849876;,
		-0.981813;  0.543105; -0.805037;,
		-0.955925;  0.454716; -0.830925;,
		-1.066383;  0.390012; -0.849876;,
		-1.111223;  0.543105; -0.805037;,
		-0.955925;  0.454716; -0.830925;,
		-0.893425;  0.418105; -0.893425;,
		-0.958130;  0.326598; -0.958130;,
		-1.066383;  0.390012; -0.849876;,
		-0.893425;  0.418105; -0.893425;,
		-0.830925;  0.454716; -0.955925;,
		-0.849876;  0.390012; -1.066383;,
		-0.958130;  0.326598; -0.958130;,
		-0.830925;  0.454716; -0.955925;,
		-0.805037;  0.543105; -0.981813;,
		-0.805037;  0.543105; -1.111223;,
		-0.849876;  0.390012; -1.066383;,
		-0.805037;  0.543105; -0.981813;,
		-0.830925;  0.631493; -0.955925;,
		-0.849876;  0.696198; -1.066383;,
		-0.805037;  0.543105; -1.111223;,
		-0.849876;  0.696198; -1.066383;,
		-0.958130;  0.759611; -0.958130;,
		-1.046518;  0.793105; -1.046518;,
		-0.921518;  0.719881; -1.171518;,
		-0.958130;  0.759611; -0.958130;,
		-1.066383;  0.696198; -0.849876;,
		-1.171518;  0.719881; -0.921518;,
		-1.046518;  0.793105; -1.046518;,
		-1.066383;  0.696198; -0.849876;,
		-1.111223;  0.543105; -0.805037;,
		-1.223295;  0.543105; -0.869741;,
		-1.171518;  0.719881; -0.921518;,
		-1.111223;  0.543105; -0.805037;,
		-1.066383;  0.390012; -0.849876;,
		-1.171518;  0.366328; -0.921518;,
		-1.223295;  0.543105; -0.869741;,
		-1.066383;  0.390012; -0.849876;,
		-0.958130;  0.326598; -0.958130;,
		-1.046518;  0.293105; -1.046518;,
		-1.171518;  0.366328; -0.921518;,
		-0.958130;  0.326598; -0.958130;,
		-0.849876;  0.390012; -1.066383;,
		-0.921518;  0.366328; -1.171518;,
		-1.046518;  0.293105; -1.046518;,
		-0.849876;  0.390012; -1.066383;,
		-0.805037;  0.543105; -1.111223;,
		-0.869741;  0.543105; -1.223295;,
		-0.921518;  0.366328; -1.171518;,
		-0.805037;  0.543105; -1.111223;,
		-0.849876;  0.696198; -1.066383;,
		-0.921518;  0.719881; -1.171518;,
		-0.869741;  0.543105; -1.223295;,
		-0.921518;  0.719881; -1.171518;,
		-1.046518;  0.793105; -1.046518;,
		-1.270435;  0.793105; -1.270435;,
		-1.145435;  0.719881; -1.395435;,
		-1.046518;  0.793105; -1.046518;,
		-1.171518;  0.719881; -0.921518;,
		-1.395435;  0.719881; -1.145435;,
		-1.270435;  0.793105; -1.270435;,
		-1.171518;  0.719881; -0.921518;,
		-1.223295;  0.543105; -0.869741;,
		-1.447212;  0.543105; -1.093658;,
		-1.395435;  0.719881; -1.145435;,
		-1.223295;  0.543105; -0.869741;,
		-1.171518;  0.366328; -0.921518;,
		-1.395435;  0.366328; -1.145435;,
		-1.447212;  0.543105; -1.093658;,
		-1.171518;  0.366328; -0.921518;,
		-1.046518;  0.293105; -1.046518;,
		-1.270435;  0.293105; -1.270435;,
		-1.395435;  0.366328; -1.145435;,
		-1.046518;  0.293105; -1.046518;,
		-0.921518;  0.366328; -1.171518;,
		-1.145435;  0.366328; -1.395435;,
		-1.270435;  0.293105; -1.270435;,
		-0.921518;  0.366328; -1.171518;,
		-0.869741;  0.543105; -1.223295;,
		-1.093658;  0.543105; -1.447212;,
		-1.145435;  0.366328; -1.395435;,
		-0.869741;  0.543105; -1.223295;,
		-0.921518;  0.719881; -1.171518;,
		-1.145435;  0.719881; -1.395435;,
		-1.093658;  0.543105; -1.447212;,
		-1.145435;  0.719881; -1.395435;,
		-1.270435;  0.793105; -1.270435;,
		-1.494352;  0.793105; -1.494352;,
		-1.369352;  0.719881; -1.619352;,
		-1.270435;  0.793105; -1.270435;,
		-1.395435;  0.719881; -1.145435;,
		-1.619352;  0.719881; -1.369352;,
		-1.494352;  0.793105; -1.494352;,
		-1.395435;  0.719881; -1.145435;,
		-1.447212;  0.543105; -1.093658;,
		-1.671129;  0.543105; -1.317576;,
		-1.619352;  0.719881; -1.369352;,
		-1.447212;  0.543105; -1.093658;,
		-1.395435;  0.366328; -1.145435;,
		-1.619352;  0.366328; -1.369352;,
		-1.671129;  0.543105; -1.317576;,
		-1.395435;  0.366328; -1.145435;,
		-1.270435;  0.293105; -1.270435;,
		-1.494352;  0.293105; -1.494352;,
		-1.619352;  0.366328; -1.369352;,
		-1.270435;  0.293105; -1.270435;,
		-1.145435;  0.366328; -1.395435;,
		-1.369352;  0.366328; -1.619352;,
		-1.494352;  0.293105; -1.494352;,
		-1.145435;  0.366328; -1.395435;,
		-1.093658;  0.543105; -1.447212;,
		-1.317576;  0.543105; -1.671129;,
		-1.369352;  0.366328; -1.619352;,
		-1.093658;  0.543105; -1.447212;,
		-1.145435;  0.719881; -1.395435;,
		-1.369352;  0.719881; -1.619352;,
		-1.317576;  0.543105; -1.671129;,
		-1.369352;  0.719881; -1.619352;,
		-1.494352;  0.793105; -1.494352;,
		-1.718269;  0.793105; -1.718269;,
		-1.593269;  0.719881; -1.843269;,
		-1.494352;  0.793105; -1.494352;,
		-1.619352;  0.719881; -1.369352;,
		-1.843269;  0.719881; -1.593269;,
		-1.718269;  0.793105; -1.718269;,
		-1.619352;  0.719881; -1.369352;,
		-1.671129;  0.543105; -1.317576;,
		-1.895046;  0.543105; -1.541493;,
		-1.843269;  0.719881; -1.593269;,
		-1.671129;  0.543105; -1.317576;,
		-1.619352;  0.366328; -1.369352;,
		-1.843269;  0.366328; -1.593269;,
		-1.895046;  0.543105; -1.541493;,
		-1.619352;  0.366328; -1.369352;,
		-1.494352;  0.293105; -1.494352;,
		-1.718269;  0.293105; -1.718269;,
		-1.843269;  0.366328; -1.593269;,
		-1.494352;  0.293105; -1.494352;,
		-1.369352;  0.366328; -1.619352;,
		-1.593269;  0.366328; -1.843269;,
		-1.718269;  0.293105; -1.718269;,
		-1.369352;  0.366328; -1.619352;,
		-1.317576;  0.543105; -1.671129;,
		-1.541493;  0.543105; -1.895046;,
		-1.593269;  0.366328; -1.843269;,
		-1.317576;  0.543105; -1.671129;,
		-1.369352;  0.719881; -1.619352;,
		-1.593269;  0.719881; -1.843269;,
		-1.541493;  0.543105; -1.895046;,
		-1.593269;  0.719881; -1.843269;,
		-1.718269;  0.793105; -1.718269;,
		-1.942187;  0.793105; -1.942187;,
		-1.817187;  0.719881; -2.067187;,
		-1.718269;  0.793105; -1.718269;,
		-1.843269;  0.719881; -1.593269;,
		-2.067187;  0.719881; -1.817187;,
		-1.942187;  0.793105; -1.942187;,
		-1.843269;  0.719881; -1.593269;,
		-1.895046;  0.543105; -1.541493;,
		-2.118963;  0.543105; -1.765410;,
		-2.067187;  0.719881; -1.817187;,
		-1.895046;  0.543105; -1.541493;,
		-1.843269;  0.366328; -1.593269;,
		-2.067187;  0.366328; -1.817187;,
		-2.118963;  0.543105; -1.765410;,
		-1.843269;  0.366328; -1.593269;,
		-1.718269;  0.293105; -1.718269;,
		-1.942187;  0.293105; -1.942187;,
		-2.067187;  0.366328; -1.817187;,
		-1.718269;  0.293105; -1.718269;,
		-1.593269;  0.366328; -1.843269;,
		-1.817187;  0.366328; -2.067187;,
		-1.942187;  0.293105; -1.942187;,
		-1.593269;  0.366328; -1.843269;,
		-1.541493;  0.543105; -1.895046;,
		-1.765410;  0.543105; -2.118963;,
		-1.817187;  0.366328; -2.067187;,
		-1.541493;  0.543105; -1.895046;,
		-1.593269;  0.719881; -1.843269;,
		-1.817187;  0.719881; -2.067187;,
		-1.765410;  0.543105; -2.118963;,
		-1.817187;  0.719881; -2.067187;,
		-1.942187;  0.793105; -1.942187;,
		-2.166104;  0.793105; -2.166104;,
		-2.041104;  0.719881; -2.291104;,
		-1.942187;  0.793105; -1.942187;,
		-2.067187;  0.719881; -1.817187;,
		-2.291104;  0.719881; -2.041104;,
		-2.166104;  0.793105; -2.166104;,
		-2.067187;  0.719881; -1.817187;,
		-2.118963;  0.543105; -1.765410;,
		-2.342880;  0.543105; -1.989327;,
		-2.291104;  0.719881; -2.041104;,
		-2.118963;  0.543105; -1.765410;,
		-2.067187;  0.366328; -1.817187;,
		-2.291104;  0.366328; -2.041104;,
		-2.342880;  0.543105; -1.989327;,
		-2.067187;  0.366328; -1.817187;,
		-1.942187;  0.293105; -1.942187;,
		-2.166104;  0.293105; -2.166104;,
		-2.291104;  0.366328; -2.041104;,
		-1.942187;  0.293105; -1.942187;,
		-1.817187;  0.366328; -2.067187;,
		-2.041104;  0.366328; -2.291104;,
		-2.166104;  0.293105; -2.166104;,
		-1.817187;  0.366328; -2.067187;,
		-1.765410;  0.543105; -2.118963;,
		-1.989327;  0.543105; -2.342880;,
		-2.041104;  0.366328; -2.291104;,
		-1.765410;  0.543105; -2.118963;,
		-1.817187;  0.719881; -2.067187;,
		-2.041104;  0.719881; -2.291104;,
		-1.989327;  0.543105; -2.342880;,
		-2.041104;  0.719881; -2.291104;,
		-2.166104;  0.793105; -2.166104;,
		-2.390021;  0.793105; -2.390021;,
		-2.265021;  0.719881; -2.515021;,
		-2.166104;  0.793105; -2.166104;,
		-2.291104;  0.719881; -2.041104;,
		-2.515021;  0.719881; -2.265021;,
		-2.390021;  0.793105; -2.390021;,
		-2.291104;  0.719881; -2.041104;,
		-2.342880;  0.543105; -1.989327;,
		-2.566798;  0.543105; -2.213244;,
		-2.515021;  0.719881; -2.265021;,
		-2.342880;  0.543105; -1.989327;,
		-2.291104;  0.366328; -2.041104;,
		-2.515021;  0.366328; -2.265021;,
		-2.566798;  0.543105; -2.213244;,
		-2.291104;  0.366328; -2.041104;,
		-2.166104;  0.293105; -2.166104;,
		-2.390021;  0.293105; -2.390021;,
		-2.515021;  0.366328; -2.265021;,
		-2.166104;  0.293105; -2.166104;,
		-2.041104;  0.366328; -2.291104;,
		-2.265021;  0.366328; -2.515021;,
		-2.390021;  0.293105; -2.390021;,
		-2.041104;  0.366328; -2.291104;,
		-1.989327;  0.543105; -2.342880;,
		-2.213244;  0.543105; -2.566798;,
		-2.265021;  0.366328; -2.515021;,
		-1.989327;  0.543105; -2.342880;,
		-2.041104;  0.719881; -2.291104;,
		-2.265021;  0.719881; -2.515021;,
		-2.213244;  0.543105; -2.566798;,
		-2.265021;  0.719881; -2.515021;,
		-2.390021;  0.793105; -2.390021;,
		-2.478409;  0.759611; -2.478409;,
		-2.370156;  0.696198; -2.586663;,
		-2.390021;  0.793105; -2.390021;,
		-2.515021;  0.719881; -2.265021;,
		-2.586663;  0.696198; -2.370156;,
		-2.478409;  0.759611; -2.478409;,
		-2.515021;  0.719881; -2.265021;,
		-2.566798;  0.543105; -2.213244;,
		-2.631502;  0.543105; -2.325316;,
		-2.586663;  0.696198; -2.370156;,
		-2.566798;  0.543105; -2.213244;,
		-2.515021;  0.366328; -2.265021;,
		-2.586663;  0.390012; -2.370156;,
		-2.631502;  0.543105; -2.325316;,
		-2.515021;  0.366328; -2.265021;,
		-2.390021;  0.293105; -2.390021;,
		-2.478409;  0.326598; -2.478409;,
		-2.586663;  0.390012; -2.370156;,
		-2.390021;  0.293105; -2.390021;,
		-2.265021;  0.366328; -2.515021;,
		-2.370156;  0.390012; -2.586663;,
		-2.478409;  0.326598; -2.478409;,
		-2.265021;  0.366328; -2.515021;,
		-2.213244;  0.543105; -2.566798;,
		-2.325316;  0.543105; -2.631502;,
		-2.370156;  0.390012; -2.586663;,
		-2.213244;  0.543105; -2.566798;,
		-2.265021;  0.719881; -2.515021;,
		-2.370156;  0.696198; -2.586663;,
		-2.325316;  0.543105; -2.631502;,
		-2.370156;  0.696198; -2.586663;,
		-2.478409;  0.759611; -2.478409;,
		-2.543114;  0.668105; -2.543114;,
		-2.480614;  0.631493; -2.605614;,
		-2.478409;  0.759611; -2.478409;,
		-2.586663;  0.696198; -2.370156;,
		-2.605614;  0.631493; -2.480614;,
		-2.543114;  0.668105; -2.543114;,
		-2.586663;  0.696198; -2.370156;,
		-2.631502;  0.543105; -2.325316;,
		-2.631502;  0.543105; -2.454726;,
		-2.605614;  0.631493; -2.480614;,
		-2.631502;  0.543105; -2.325316;,
		-2.586663;  0.390012; -2.370156;,
		-2.605614;  0.454716; -2.480614;,
		-2.631502;  0.543105; -2.454726;,
		-2.586663;  0.390012; -2.370156;,
		-2.478409;  0.326598; -2.478409;,
		-2.543114;  0.418105; -2.543114;,
		-2.605614;  0.454716; -2.480614;,
		-2.478409;  0.326598; -2.478409;,
		-2.370156;  0.390012; -2.586663;,
		-2.480614;  0.454716; -2.605614;,
		-2.543114;  0.418105; -2.543114;,
		-2.370156;  0.390012; -2.586663;,
		-2.325316;  0.543105; -2.631502;,
		-2.454726;  0.543105; -2.631502;,
		-2.480614;  0.454716; -2.605614;,
		-2.325316;  0.543105; -2.631502;,
		-2.370156;  0.696198; -2.586663;,
		-2.480614;  0.631493; -2.605614;,
		-2.454726;  0.543105; -2.631502;,
		-0.893425;  0.668105; -0.893425;,
		-0.830925;  0.631493; -0.955925;,
		-0.869741;  0.543105; -0.869741;,
		-0.955925;  0.631493; -0.830925;,
		-0.893425;  0.668105; -0.893425;,
		-0.869741;  0.543105; -0.869741;,
		-0.981813;  0.543105; -0.805037;,
		-0.955925;  0.631493; -0.830925;,
		-0.869741;  0.543105; -0.869741;,
		-0.955925;  0.454716; -0.830925;,
		-0.981813;  0.543105; -0.805037;,
		-0.869741;  0.543105; -0.869741;,
		-0.893425;  0.418105; -0.893425;,
		-0.955925;  0.454716; -0.830925;,
		-0.869741;  0.543105; -0.869741;,
		-0.830925;  0.454716; -0.955925;,
		-0.893425;  0.418105; -0.893425;,
		-0.869741;  0.543105; -0.869741;,
		-0.805037;  0.543105; -0.981813;,
		-0.830925;  0.454716; -0.955925;,
		-0.869741;  0.543105; -0.869741;,
		-0.830925;  0.631493; -0.955925;,
		-0.805037;  0.543105; -0.981813;,
		-0.869741;  0.543105; -0.869741;,
		-2.480614;  0.631493; -2.605614;,
		-2.543114;  0.668105; -2.543114;,
		-2.566798;  0.543105; -2.566798;,
		-2.543114;  0.668105; -2.543114;,
		-2.605614;  0.631493; -2.480614;,
		-2.566798;  0.543105; -2.566798;,
		-2.605614;  0.631493; -2.480614;,
		-2.631502;  0.543105; -2.454726;,
		-2.566798;  0.543105; -2.566798;,
		-2.631502;  0.543105; -2.454726;,
		-2.605614;  0.454716; -2.480614;,
		-2.566798;  0.543105; -2.566798;,
		-2.605614;  0.454716; -2.480614;,
		-2.543114;  0.418105; -2.543114;,
		-2.566798;  0.543105; -2.566798;,
		-2.543114;  0.418105; -2.543114;,
		-2.480614;  0.454716; -2.605614;,
		-2.566798;  0.543105; -2.566798;,
		-2.480614;  0.454716; -2.605614;,
		-2.454726;  0.543105; -2.631502;,
		-2.566798;  0.543105; -2.566798;,
		-2.454726;  0.543105; -2.631502;,
		-2.480614;  0.631493; -2.605614;,
		-2.566798;  0.543105; -2.566798;,
		 2.471509;  0.631557;  2.596509;,
		 2.527936;  0.667147;  2.527936;,
		 2.578563;  0.777646;  2.578563;,
		 2.480018;  0.715736;  2.696524;,
		 2.527936;  0.667147;  2.527936;,
		 2.596509;  0.631557;  2.471509;,
		 2.696524;  0.715736;  2.480018;,
		 2.578563;  0.777646;  2.578563;,
		 2.596509;  0.631557;  2.471509;,
		 2.637059;  0.545635;  2.460283;,
		 2.764800;  0.566274;  2.458614;,
		 2.696524;  0.715736;  2.480018;,
		 2.637059;  0.545635;  2.460283;,
		 2.625833;  0.459713;  2.500833;,
		 2.743397;  0.416812;  2.526891;,
		 2.764800;  0.566274;  2.458614;,
		 2.625833;  0.459713;  2.500833;,
		 2.569406;  0.424123;  2.569406;,
		 2.644851;  0.354903;  2.644851;,
		 2.743397;  0.416812;  2.526891;,
		 2.569406;  0.424123;  2.569406;,
		 2.500833;  0.459713;  2.625833;,
		 2.526891;  0.416812;  2.743397;,
		 2.644851;  0.354903;  2.644851;,
		 2.500833;  0.459713;  2.625833;,
		 2.460283;  0.545635;  2.637059;,
		 2.458614;  0.566274;  2.764800;,
		 2.526891;  0.416812;  2.743397;,
		 2.460283;  0.545635;  2.637059;,
		 2.471509;  0.631557;  2.596509;,
		 2.480018;  0.715736;  2.696524;,
		 2.458614;  0.566274;  2.764800;,
		 2.480018;  0.715736;  2.696524;,
		 2.578563;  0.777646;  2.578563;,
		 2.664353;  0.837150;  2.664353;,
		 2.549276;  0.765285;  2.799276;,
		 2.578563;  0.777646;  2.578563;,
		 2.696524;  0.715736;  2.480018;,
		 2.799276;  0.765285;  2.549276;,
		 2.664353;  0.837150;  2.664353;,
		 2.696524;  0.715736;  2.480018;,
		 2.764800;  0.566274;  2.458614;,
		 2.875010;  0.591785;  2.521456;,
		 2.799276;  0.765285;  2.549276;,
		 2.764800;  0.566274;  2.458614;,
		 2.743397;  0.416812;  2.526891;,
		 2.847190;  0.418285;  2.597190;,
		 2.875010;  0.591785;  2.521456;,
		 2.743397;  0.416812;  2.526891;,
		 2.644851;  0.354903;  2.644851;,
		 2.732113;  0.346419;  2.732113;,
		 2.847190;  0.418285;  2.597190;,
		 2.644851;  0.354903;  2.644851;,
		 2.526891;  0.416812;  2.743397;,
		 2.597190;  0.418285;  2.847190;,
		 2.732113;  0.346419;  2.732113;,
		 2.526891;  0.416812;  2.743397;,
		 2.458614;  0.566274;  2.764800;,
		 2.521456;  0.591785;  2.875010;,
		 2.597190;  0.418285;  2.847190;,
		 2.458614;  0.566274;  2.764800;,
		 2.480018;  0.715736;  2.696524;,
		 2.549276;  0.765285;  2.799276;,
		 2.521456;  0.591785;  2.875010;,
		 2.549276;  0.765285;  2.799276;,
		 2.664353;  0.837150;  2.664353;,
		 2.896562;  0.890385;  2.896562;,
		 2.778200;  0.817766;  3.028200;,
		 2.664353;  0.837150;  2.664353;,
		 2.799276;  0.765285;  2.549276;,
		 3.028200;  0.817766;  2.778200;,
		 2.896562;  0.890385;  2.896562;,
		 2.799276;  0.765285;  2.549276;,
		 2.875010;  0.591785;  2.521456;,
		 3.096003;  0.642448;  2.742450;,
		 3.028200;  0.817766;  2.778200;,
		 2.875010;  0.591785;  2.521456;,
		 2.847190;  0.418285;  2.597190;,
		 3.060253;  0.467130;  2.810253;,
		 3.096003;  0.642448;  2.742450;,
		 2.847190;  0.418285;  2.597190;,
		 2.732113;  0.346419;  2.732113;,
		 2.941892;  0.394511;  2.941892;,
		 3.060253;  0.467130;  2.810253;,
		 2.732113;  0.346419;  2.732113;,
		 2.597190;  0.418285;  2.847190;,
		 2.810253;  0.467130;  3.060253;,
		 2.941892;  0.394511;  2.941892;,
		 2.597190;  0.418285;  2.847190;,
		 2.521456;  0.591785;  2.875010;,
		 2.742450;  0.642448;  3.096004;,
