xof 0303txt 0032

AnimTicksPerSecond {
	30;
}
Material blinn2 {
	 1.000000; 1.000000; 1.000000; 1.000000;;
	 128.000000;
	 0.500000; 0.500000; 0.500000;;
	 0.000000; 0.000000; 0.000000;;
	TextureFileName {".\\BurgerB_D.dds";}
}
Frame Burger_ROOTSHJnt {
	FrameTransformMatrix {
		0.999527,0.030764,-0.000000,0.000000,-0.030690,0.997124,0.069302,0.000000,0.002132,-0.069269,0.997596,0.000000,0.000000,2.732838,-0.372184,1.000000;;
	}
	Frame Burger_l_FrontLeg_01SHJnt {
		FrameTransformMatrix {
			-0.995680,0.092218,0.010855,0.000000,-0.092632,-0.994572,-0.047380,0.000000,0.006427,-0.048181,0.998818,0.000000,1.091455,-0.822756,-1.191489,1.000000;;
		}
		Frame Burger_l_FrontLeg_02SHJnt {
			FrameTransformMatrix {
				0.999731,-0.021392,-0.009018,0.000000,0.021483,0.999718,0.010114,0.000000,0.008799,-0.010305,0.999908,0.000000,0.020255,0.543555,-0.035385,1.000000;;
			}
			Frame Burger_l_FrontLeg_03SHJnt {
				FrameTransformMatrix {
					0.999954,0.009208,-0.002626,0.000000,-0.008939,0.996039,0.088470,0.000000,0.003431,-0.088443,0.996075,0.000000,0.016080,0.527519,0.011658,1.000000;;
				}
				Frame Burger_l_FrontLeg_04SHJnt {
					FrameTransformMatrix {
						0.998625,0.052261,-0.004181,0.000000,-0.050750,0.983602,0.173065,0.000000,0.013157,-0.172614,0.984902,0.000000,0.061936,0.504734,0.071184,1.000000;;
					}
					Frame Burger_l_FrontLeg_TopSHJnt {
						FrameTransformMatrix {
							-0.021829,0.987607,-0.155422,0.000000,-0.999760,-0.021244,0.005426,0.000000,0.002057,0.155503,0.987833,0.000000,0.041861,0.508642,-0.029179,1.000000;;
						}
					}
				}
			}
		}
	}
	Frame Burger_r_FrontLeg_01SHJnt {
		FrameTransformMatrix {
			-0.997660,-0.062822,-0.026997,0.000000,0.066306,-0.985281,-0.157561,0.000000,-0.016701,-0.158982,0.987140,0.000000,-1.090520,-0.821966,-1.267301,1.000000;;
		}
		Frame Burger_r_FrontLeg_02SHJnt {
			FrameTransformMatrix {
				0.999805,0.003183,0.019480,0.000000,-0.002891,0.999883,-0.014995,0.000000,-0.019525,0.014936,0.999698,0.000000,-0.023656,0.550610,-0.064609,1.000000;;
			}
			Frame Burger_r_FrontLeg_03SHJnt {
				FrameTransformMatrix {
					0.999878,-0.014937,0.004474,0.000000,0.014750,0.999119,0.039297,0.000000,-0.005057,-0.039226,0.999218,0.000000,-0.008403,0.524290,-0.000311,1.000000;;
				}
				Frame Burger_r_FrontLeg_04SHJnt {
					FrameTransformMatrix {
						0.998168,-0.059872,-0.008702,0.000000,0.060418,0.978881,0.195299,0.000000,-0.003175,-0.195467,0.980705,0.000000,-0.018009,0.489423,0.053908,1.000000;;
					}
					Frame Burger_r_FrontLeg_TopSHJnt {
						FrameTransformMatrix {
							0.025269,0.999659,0.006589,0.000000,-0.999680,0.025278,-0.001366,0.000000,-0.001532,-0.006552,0.999977,0.000000,-0.014140,0.492200,-0.000856,1.000000;;
						}
					}
				}
			}
		}
	}
	Frame Burger_l_MiddleLeg_01SHJnt {
		FrameTransformMatrix {
			-0.944295,0.047176,0.325701,0.000000,-0.119050,-0.971615,-0.204428,0.000000,0.306812,-0.231815,0.923108,0.000000,1.608830,-0.679231,-0.102119,1.000000;;
		}
		Frame Burger_l_MiddleLeg_02SHJnt {
			FrameTransformMatrix {
				0.961317,0.167885,-0.218365,0.000000,-0.042249,0.873271,0.485400,0.000000,0.272183,-0.457398,0.846583,0.000000,-0.107006,0.413731,0.038308,1.000000;;
			}
			Frame Burger_l_MiddleLeg_03SHJnt {
				FrameTransformMatrix {
					0.997232,-0.018537,-0.072004,0.000000,0.041345,0.943141,0.329810,0.000000,0.061797,-0.331874,0.941297,0.000000,-0.009017,0.377240,0.070150,1.000000;;
				}
				Frame Burger_l_MiddleLeg_04SHJnt {
					FrameTransformMatrix {
						0.997228,-0.064010,0.037927,0.000000,0.039465,0.887205,0.459684,0.000000,-0.063073,-0.456913,0.887272,0.000000,-0.046556,0.324634,0.078047,1.000000;;
					}
					Frame Burger_l_MiddleLeg_TopSHJnt {
						FrameTransformMatrix {
							0.012539,0.999484,-0.029576,0.000000,-0.999704,0.011914,-0.021210,0.000000,-0.020847,0.029834,0.999337,0.000000,-0.021279,0.341154,-0.001467,1.000000;;
						}
					}
				}
			}
		}
	}
	Frame Burger_r_MiddleLeg_01SHJnt {
		FrameTransformMatrix {
			-0.969824,0.047594,-0.239117,0.000000,0.022908,-0.958633,-0.283721,0.000000,-0.242729,-0.280637,0.928615,0.000000,-1.606226,-0.691715,-0.117865,1.000000;;
		}
		Frame Burger_r_MiddleLeg_02SHJnt {
			FrameTransformMatrix {
				0.981242,-0.125952,0.145945,0.000000,0.090485,0.969393,0.228233,0.000000,-0.170224,-0.210746,0.962606,0.000000,0.083828,0.441947,-0.010293,1.000000;;
			}
			Frame Burger_r_MiddleLeg_03SHJnt {
				FrameTransformMatrix {
					0.998235,0.000683,0.059391,0.000000,-0.010635,0.985832,0.167401,0.000000,-0.058435,-0.167737,0.984098,0.000000,0.020553,0.390142,0.040067,1.000000;;
				}
				Frame Burger_r_MiddleLeg_04SHJnt {
					FrameTransformMatrix {
						0.997656,0.068334,-0.003604,0.000000,-0.060942,0.911216,0.407397,0.000000,0.031123,-0.406222,0.913244,0.000000,0.079052,0.324233,0.040389,1.000000;;
					}
					Frame Burger_r_MiddleLeg_TopSHJnt {
						FrameTransformMatrix {
							-0.018855,0.998396,0.053389,0.000000,-0.999753,-0.019454,0.010721,0.000000,0.011742,-0.053173,0.998516,0.000000,0.039513,0.335383,0.001713,1.000000;;
						}
					}
				}
			}
		}
	}
	Frame Burger_l_BackLeg_01SHJnt {
		FrameTransformMatrix {
			-0.978389,0.062443,0.197119,0.000000,-0.078463,-0.994127,-0.074529,0.000000,0.191308,-0.088385,0.977543,0.000000,1.145351,-0.696243,1.106244,1.000000;;
		}
		Frame Burger_l_BackLeg_02SHJnt {
			FrameTransformMatrix {
				0.985020,0.052060,-0.164393,0.000000,0.052185,0.818640,0.571931,0.000000,0.164353,-0.571943,0.803660,0.000000,-0.008959,0.402577,0.099140,1.000000;;
			}
			Frame Burger_l_BackLeg_03SHJnt {
				FrameTransformMatrix {
					0.999578,-0.011347,-0.026742,0.000000,0.018924,0.952779,0.303073,0.000000,0.022040,-0.303451,0.952592,0.000000,0.009126,0.413403,0.061591,1.000000;;
				}
				Frame Burger_l_BackLeg_04SHJnt {
					FrameTransformMatrix {
						0.999972,-0.006545,0.003538,0.000000,0.004793,0.930380,0.366566,0.000000,-0.005691,-0.366539,0.930385,0.000000,0.022643,0.403310,0.128848,1.000000;;
					}
					Frame Burger_l_BackLeg_TopSHJnt {
						FrameTransformMatrix {
							0.002219,0.962654,-0.270724,0.000000,-0.999995,0.001491,-0.002892,0.000000,-0.002380,0.270729,0.962653,0.000000,0.013189,0.422103,-0.041025,1.000000;;
						}
					}
				}
			}
		}
	}
	Frame Burger_r_BackLeg_01SHJnt {
		FrameTransformMatrix {
			-0.974349,-0.021796,-0.223984,0.000000,0.110514,-0.913361,-0.391866,0.000000,-0.196037,-0.406567,0.892341,0.000000,-1.145750,-0.670785,1.012341,1.000000;;
		}
		Frame Burger_r_BackLeg_02SHJnt {
			FrameTransformMatrix {
				0.981496,-0.112167,0.155193,0.000000,-0.002675,0.802364,0.596829,0.000000,-0.191466,-0.586201,0.787216,0.000000,0.024591,0.389036,0.115387,1.000000;;
			}
			Frame Burger_r_BackLeg_03SHJnt {
				FrameTransformMatrix {
					0.999358,-0.000035,0.035818,0.000000,-0.011378,0.947901,0.318363,0.000000,-0.033963,-0.318566,0.947292,0.000000,-0.000892,0.362113,0.062502,1.000000;;
				}
				Frame Burger_r_BackLeg_04SHJnt {
					FrameTransformMatrix {
						0.999994,-0.002715,0.002330,0.000000,0.001450,0.902892,0.429866,0.000000,-0.003271,-0.429860,0.902890,0.000000,0.022735,0.309631,0.102372,1.000000;;
					}
					Frame Burger_r_BackLeg_TopSHJnt {
						FrameTransformMatrix {
							0.001111,0.980533,-0.196351,0.000000,-0.999999,0.000941,-0.000959,0.000000,-0.000755,0.196352,0.980533,0.000000,0.011512,0.328208,-0.024530,1.000000;;
						}
					}
				}
			}
		}
	}
	Frame Burger_l_Pupil_AuxSHJnt {
		FrameTransformMatrix {
			-0.901721,0.389296,-0.188009,0.000000,0.232791,0.070778,-0.969948,0.000000,-0.364290,-0.918389,-0.154446,0.000000,1.298991,-0.264625,-2.147513,1.000000;;
		}
	}
	Frame Burger_r_Pupil_AuxSHJnt {
		FrameTransformMatrix {
			-0.899924,-0.393795,0.187250,0.000000,-0.232791,0.070778,-0.969948,0.000000,0.368707,-0.916469,-0.155366,0.000000,-1.298127,-0.264037,-2.147677,1.000000;;
		}
	}
	Frame Burger_l_UpperLidOpen_AuxSHJnt {
		FrameTransformMatrix {
			-0.000971,-0.000036,-0.000236,0.000000,0.000233,0.000071,-0.000970,0.000000,0.000051,-0.000997,-0.000060,0.000000,1.367974,-0.072434,-2.080411,1.000000;;
		}
	}
	Frame Burger_r_UpperLidOpen_AuxSHJnt {
		FrameTransformMatrix {
			-0.000971,0.000036,0.000236,0.000000,-0.000233,0.000071,-0.000970,0.000000,-0.000051,-0.000997,-0.000060,0.000000,-1.367974,-0.072434,-2.080411,1.000000;;
		}
	}
	Frame Burger_l_UpperLidClosed_AuxSHJnt {
		FrameTransformMatrix {
			-0.000971,-0.000036,-0.000236,0.000000,0.000233,0.000071,-0.000970,0.000000,0.000051,-0.000997,-0.000060,0.000000,1.367974,-0.072434,-2.080411,1.000000;;
		}
	}
	Frame Burger_r_UpperLidClosed_AuxSHJnt {
		FrameTransformMatrix {
			-0.000971,0.000036,0.000236,0.000000,-0.000233,0.000071,-0.000970,0.000000,-0.000051,-0.000997,-0.000060,0.000000,-1.367974,-0.072434,-2.080411,1.000000;;
		}
	}
	Frame Burger_l_LowerLidOpen_AuxSHJnt {
		FrameTransformMatrix {
			-0.000971,-0.000036,-0.000236,0.000000,0.000233,0.000071,-0.000970,0.000000,0.000051,-0.000997,-0.000060,0.000000,1.367974,-0.072434,-2.080411,1.000000;;
		}
	}
	Frame Burger_r_LowerLidOpen_AuxSHJnt {
		FrameTransformMatrix {
			-0.000971,0.000036,0.000236,0.000000,-0.000233,0.000071,-0.000970,0.000000,-0.000051,-0.000997,-0.000060,0.000000,-1.367974,-0.072434,-2.080411,1.000000;;
		}
	}
	Frame Burger_l_LowerLidClosed_AuxSHJnt {
		FrameTransformMatrix {
			-0.000971,-0.000036,-0.000236,0.000000,0.000233,0.000071,-0.000970,0.000000,0.000051,-0.000997,-0.000060,0.000000,1.367974,-0.072434,-2.080411,1.000000;;
		}
	}
	Frame Burger_r_LowerLidClosed_AuxSHJnt {
		FrameTransformMatrix {
			-0.000971,0.000036,0.000236,0.000000,-0.000233,0.000071,-0.000970,0.000000,-0.000051,-0.000997,-0.000060,0.000000,-1.367974,-0.072434,-2.080411,1.000000;;
		}
	}
	Frame Burger_l_Tusk_01_01SHJnt {
		FrameTransformMatrix {
			0.240063,-0.467457,-0.850796,0.000000,0.126942,0.884016,-0.449891,0.000000,0.962422,0.000000,0.271559,0.000000,0.418755,-0.828706,-2.004275,1.000000;;
		}
		Frame Burger_l_Tusk_01_02SHJnt {
			FrameTransformMatrix {
				0.691625,0.722257,-0.000000,0.000000,-0.722257,0.691625,-0.000000,0.000000,-0.000000,-0.000000,1.000000,0.000000,0.789743,0.000000,-0.000000,1.000000;;
			}
			Frame Burger_l_Tusk_01_03SHJnt {
				FrameTransformMatrix {
					0.685861,0.721057,0.098349,0.000000,-0.727686,0.681063,0.081408,0.000000,-0.008282,-0.127402,0.991817,0.000000,0.799131,-0.000000,-0.000000,1.000000;;
				}
				Frame Burger_l_Tusk_01_04SHJnt {
					FrameTransformMatrix {
						0.688508,0.720211,0.085170,0.000000,-0.718555,0.661554,0.214535,0.000000,0.098165,-0.208908,0.972996,0.000000,0.781417,-0.000000,0.000000,1.000000;;
					}
					Frame Burger_l_Tusk_01_05SHJnt {
						FrameTransformMatrix {
							0.893323,0.449415,-0.000000,0.000000,-0.449415,0.893323,-0.000000,0.000000,-0.000000,-0.000000,1.000000,0.000000,0.779232,-0.010247,-0.000000,1.000000;;
						}
					}
				}
			}
		}
	}
	Frame Burger_r_Tusk_01_01SHJnt {
		FrameTransformMatrix {
			0.240063,0.467457,0.850796,0.000000,-0.126942,0.884016,-0.449891,0.000000,-0.962422,-0.000000,0.271559,0.000000,-0.418755,-0.828706,-2.004275,1.000000;;
		}
		Frame Burger_r_Tusk_01_02SHJnt {
			FrameTransformMatrix {
				0.691625,-0.722257,0.000000,0.000000,0.722257,0.691625,-0.000000,0.000000,-0.000000,0.000000,1.000000,0.000000,-0.789743,-0.000000,0.000000,1.000000;;
			}
			Frame Burger_r_Tusk_01_03SHJnt {
				FrameTransformMatrix {
					0.685861,-0.721057,-0.098349,0.000000,0.727686,0.681063,0.081408,0.000000,0.008282,-0.127402,0.991817,0.000000,-0.799131,-0.000000,-0.000000,1.000000;;
				}
				Frame Burger_r_Tusk_01_04SHJnt {
					FrameTransformMatrix {
						0.688508,-0.720211,-0.085170,0.000000,0.718555,0.661554,0.214535,0.000000,-0.098165,-0.208908,0.972996,0.000000,-0.781417,0.000000,-0.000000,1.000000;;
					}
					Frame Burger_r_Tusk_01_05SHJnt {
						FrameTransformMatrix {
							0.893323,-0.449415,0.000000,0.000000,0.449415,0.893323,-0.000000,0.000000,-0.000000,0.000000,1.000000,0.000000,-0.779232,-0.010247,-0.000000,1.000000;;
						}
					}
				}
			}
		}
	}
}
Frame _BurgerGeo {
	FrameTransformMatrix {
		1.000000,0.000000,-0.000000,0.000000,0.000000,1.000000,-0.000000,0.000000,-0.000000,-0.000000,1.000000,0.000000,0.000000,0.000000,-0.000000,1.000000;;
	}
	Mesh BurgerGeoShape {
		10648;
		-1.655776;  2.884256; -2.053627;,
		-1.618986;  2.800058; -2.068601;,
		-1.628881;  2.803066; -2.109832;,
		-1.665672;  2.887264; -2.094858;,
		-1.618986;  2.800058; -2.068601;,
		-1.558432;  2.732085; -2.088094;,
		-1.568328;  2.735094; -2.129325;,
		-1.628881;  2.803066; -2.109832;,
		-1.558432;  2.732085; -2.088094;,
		-1.480042;  2.686991; -2.110198;,
		-1.489938;  2.690000; -2.151429;,
		-1.568328;  2.735094; -2.129325;,
		-1.480042;  2.686991; -2.110198;,
		-1.391489;  2.669191; -2.132751;,
		-1.401385;  2.672199; -2.173981;,
		-1.489938;  2.690000; -2.151429;,
		-1.391489;  2.669191; -2.132751;,
		-1.301442;  2.680425; -2.153542;,
		-1.311338;  2.683434; -2.194773;,
		-1.401385;  2.672199; -2.173981;,
		-1.301442;  2.680425; -2.153542;,
		-1.218715;  2.719596; -2.170539;,
		-1.228610;  2.722605; -2.211770;,
		-1.311338;  2.683434; -2.194773;,
		-1.218715;  2.719596; -2.170539;,
		-1.151405;  2.782868; -2.182077;,
		-1.161301;  2.785876; -2.223308;,
		-1.228610;  2.722605; -2.211770;,
		-1.151405;  2.782868; -2.182077;,
		-1.106102;  2.864048; -2.187026;,
		-1.115997;  2.867056; -2.228257;,
		-1.161301;  2.785876; -2.223308;,
		-1.106102;  2.864048; -2.187026;,
		-1.087240;  2.955189; -2.184902;,
		-1.097135;  2.958198; -2.226133;,
		-1.115997;  2.867056; -2.228257;,
		-1.087240;  2.955189; -2.184902;,
		-1.096665;  3.047370; -2.175913;,
		-1.106561;  3.050379; -2.217144;,
		-1.097135;  2.958198; -2.226133;,
		-1.096665;  3.047370; -2.175913;,
		-1.133456;  3.131568; -2.160940;,
		-1.143351;  3.134577; -2.202171;,
		-1.106561;  3.050379; -2.217144;,
		-1.133456;  3.131568; -2.160940;,
		-1.194009;  3.199541; -2.141447;,
		-1.203905;  3.202550; -2.182678;,
		-1.143351;  3.134577; -2.202171;,
		-1.194009;  3.199541; -2.141447;,
		-1.272399;  3.244635; -2.119342;,
		-1.282295;  3.247643; -2.160573;,
		-1.203905;  3.202550; -2.182678;,
		-1.272399;  3.244635; -2.119342;,
		-1.360952;  3.262436; -2.096790;,
		-1.370848;  3.265444; -2.138021;,
		-1.282295;  3.247643; -2.160573;,
		-1.360952;  3.262436; -2.096790;,
		-1.450999;  3.251201; -2.075998;,
		-1.460895;  3.254210; -2.117229;,
		-1.370848;  3.265444; -2.138021;,
		-1.450999;  3.251201; -2.075998;,
		-1.533727;  3.212030; -2.059002;,
		-1.543622;  3.215039; -2.100233;,
		-1.460895;  3.254210; -2.117229;,
		-1.533727;  3.212030; -2.059002;,
		-1.601036;  3.148758; -2.047464;,
		-1.610932;  3.151767; -2.088695;,
		-1.543622;  3.215039; -2.100233;,
		-1.601036;  3.148758; -2.047464;,
		-1.646340;  3.067579; -2.042515;,
		-1.656235;  3.070587; -2.083746;,
		-1.610932;  3.151767; -2.088695;,
		-1.646340;  3.067579; -2.042515;,
		-1.665202;  2.976437; -2.044639;,
		-1.675097;  2.979446; -2.085870;,
		-1.656235;  3.070587; -2.083746;,
		-1.665202;  2.976437; -2.044639;,
		-1.655776;  2.884256; -2.053627;,
		-1.665672;  2.887264; -2.094858;,
		-1.675097;  2.979446; -2.085870;,
		-1.665672;  2.887264; -2.094858;,
		-1.628881;  2.803066; -2.109832;,
		-1.386116;  2.968822; -2.156001;,
		-1.628881;  2.803066; -2.109832;,
		-1.568328;  2.735094; -2.129325;,
		-1.386116;  2.968822; -2.156001;,
		-1.568328;  2.735094; -2.129325;,
		-1.489938;  2.690000; -2.151429;,
		-1.386116;  2.968822; -2.156001;,
		-1.489938;  2.690000; -2.151429;,
		-1.401385;  2.672199; -2.173981;,
		-1.386116;  2.968822; -2.156001;,
		-1.401385;  2.672199; -2.173981;,
		-1.311338;  2.683434; -2.194773;,
		-1.386116;  2.968822; -2.156001;,
		-1.311338;  2.683434; -2.194773;,
		-1.228610;  2.722605; -2.211770;,
		-1.386116;  2.968822; -2.156001;,
		-1.228610;  2.722605; -2.211770;,
		-1.161301;  2.785876; -2.223308;,
		-1.386116;  2.968822; -2.156001;,
		-1.161301;  2.785876; -2.223308;,
		-1.115997;  2.867056; -2.228257;,
		-1.386116;  2.968822; -2.156001;,
		-1.115997;  2.867056; -2.228257;,
		-1.097135;  2.958198; -2.226133;,
		-1.386116;  2.968822; -2.156001;,
		-1.097135;  2.958198; -2.226133;,
		-1.106561;  3.050379; -2.217144;,
		-1.386116;  2.968822; -2.156001;,
		-1.106561;  3.050379; -2.217144;,
		-1.143351;  3.134577; -2.202171;,
		-1.386116;  2.968822; -2.156001;,
		-1.143351;  3.134577; -2.202171;,
		-1.203905;  3.202550; -2.182678;,
		-1.386116;  2.968822; -2.156001;,
		-1.203905;  3.202550; -2.182678;,
		-1.282295;  3.247643; -2.160573;,
		-1.386116;  2.968822; -2.156001;,
		-1.282295;  3.247643; -2.160573;,
		-1.370848;  3.265444; -2.138021;,
		-1.386116;  2.968822; -2.156001;,
		-1.370848;  3.265444; -2.138021;,
		-1.460895;  3.254210; -2.117229;,
		-1.386116;  2.968822; -2.156001;,
		-1.460895;  3.254210; -2.117229;,
		-1.543622;  3.215039; -2.100233;,
		-1.386116;  2.968822; -2.156001;,
		-1.543622;  3.215039; -2.100233;,
		-1.610932;  3.151767; -2.088695;,
		-1.386116;  2.968822; -2.156001;,
		-1.610932;  3.151767; -2.088695;,
		-1.656235;  3.070587; -2.083746;,
		-1.386116;  2.968822; -2.156001;,
		-1.656235;  3.070587; -2.083746;,
		-1.675097;  2.979446; -2.085870;,
		-1.386116;  2.968822; -2.156001;,
		-1.675097;  2.979446; -2.085870;,
		-1.665672;  2.887264; -2.094858;,
		-1.386116;  2.968822; -2.156001;,
		-1.892215;  2.805452; -1.929589;,
		-1.822138;  2.645074; -1.958110;,
		-1.838631;  2.650089; -2.026829;,
		-1.908707;  2.810466; -1.998307;,
		-1.822138;  2.645074; -1.958110;,
		-1.706797;  2.515603; -1.995240;,
		-1.723290;  2.520617; -2.063958;,
		-1.838631;  2.650089; -2.026829;,
		-1.706797;  2.515603; -1.995240;,
		-1.557483;  2.429710; -2.037344;,
		-1.573976;  2.434724; -2.106062;,
		-1.723290;  2.520617; -2.063958;,
		-1.557483;  2.429710; -2.037344;,
		-1.388811;  2.395803; -2.080300;,
		-1.405304;  2.400818; -2.149018;,
		-1.573976;  2.434724; -2.106062;,
		-1.388811;  2.395803; -2.080300;,
		-1.217292;  2.417203; -2.119904;,
		-1.233785;  2.422217; -2.188622;,
		-1.405304;  2.400818; -2.149018;,
		-1.217292;  2.417203; -2.119904;,
		-1.059716;  2.491813; -2.152278;,
		-1.076209;  2.496828; -2.220996;,
		-1.233785;  2.422217; -2.188622;,
		-1.059716;  2.491813; -2.152278;,
		-0.931507;  2.612331; -2.174255;,
		-0.948000;  2.617346; -2.242973;,
		-1.076209;  2.496828; -2.220996;,
		-0.931507;  2.612331; -2.174255;,
		-0.845216;  2.766960; -2.183681;,
		-0.861708;  2.771974; -2.252400;,
		-0.948000;  2.617346; -2.242973;,
		-0.845216;  2.766960; -2.183681;,
		-0.809288;  2.940562; -2.179636;,
		-0.825781;  2.945577; -2.248355;,
		-0.861708;  2.771974; -2.252400;,
		-0.809288;  2.940562; -2.179636;,
		-0.827242;  3.116146; -2.162515;,
		-0.843734;  3.121160; -2.231233;,
		-0.825781;  2.945577; -2.248355;,
		-0.827242;  3.116146; -2.162515;,
		-0.897318;  3.276523; -2.133994;,
		-0.913811;  3.281537; -2.202712;,
		-0.843734;  3.121160; -2.231233;,
		-0.897318;  3.276523; -2.133994;,
		-1.012659;  3.405995; -2.096864;,
		-1.029152;  3.411009; -2.165582;,
		-0.913811;  3.281537; -2.202712;,
		-1.012659;  3.405995; -2.096864;,
		-1.161973;  3.491888; -2.054760;,
		-1.178466;  3.496902; -2.123478;,
		-1.029152;  3.411009; -2.165582;,
		-1.161973;  3.491888; -2.054760;,
		-1.330645;  3.525794; -2.011804;,
		-1.347138;  3.530808; -2.080522;,
		-1.178466;  3.496902; -2.123478;,
		-1.330645;  3.525794; -2.011804;,
		-1.502164;  3.504395; -1.972201;,
		-1.518656;  3.509409; -2.040919;,
		-1.347138;  3.530808; -2.080522;,
		-1.502164;  3.504395; -1.972201;,
		-1.659740;  3.429784; -1.939826;,
		-1.676232;  3.434798; -2.008544;,
		-1.518656;  3.509409; -2.040919;,
		-1.659740;  3.429784; -1.939826;,
		-1.787948;  3.309266; -1.917850;,
		-1.804441;  3.314281; -1.986568;,
		-1.676232;  3.434798; -2.008544;,
		-1.787948;  3.309266; -1.917850;,
		-1.874240;  3.154638; -1.908423;,
		-1.890733;  3.159652; -1.977141;,
		-1.804441;  3.314281; -1.986568;,
		-1.874240;  3.154638; -1.908423;,
		-1.910168;  2.981035; -1.912468;,
		-1.926660;  2.986050; -1.981186;,
		-1.890733;  3.159652; -1.977141;,
		-1.910168;  2.981035; -1.912468;,
		-1.892215;  2.805452; -1.929589;,
		-1.908707;  2.810466; -1.998307;,
		-1.926660;  2.986050; -1.981186;,
		-1.822138;  2.645074; -1.958110;,
		-1.892215;  2.805452; -1.929589;,
		-1.359728;  2.960799; -2.046052;,
		-1.706797;  2.515603; -1.995240;,
		-1.822138;  2.645074; -1.958110;,
		-1.359728;  2.960799; -2.046052;,
		-1.557483;  2.429710; -2.037344;,
		-1.706797;  2.515603; -1.995240;,
		-1.359728;  2.960799; -2.046052;,
		-1.388811;  2.395803; -2.080300;,
		-1.557483;  2.429710; -2.037344;,
		-1.359728;  2.960799; -2.046052;,
		-1.217292;  2.417203; -2.119904;,
		-1.388811;  2.395803; -2.080300;,
		-1.359728;  2.960799; -2.046052;,
		-1.059716;  2.491813; -2.152278;,
		-1.217292;  2.417203; -2.119904;,
		-1.359728;  2.960799; -2.046052;,
		-0.931507;  2.612331; -2.174255;,
		-1.059716;  2.491813; -2.152278;,
		-1.359728;  2.960799; -2.046052;,
		-0.845216;  2.766960; -2.183681;,
		-0.931507;  2.612331; -2.174255;,
		-1.359728;  2.960799; -2.046052;,
		-0.809288;  2.940562; -2.179636;,
		-0.845216;  2.766960; -2.183681;,
		-1.359728;  2.960799; -2.046052;,
		-0.827242;  3.116146; -2.162515;,
		-0.809288;  2.940562; -2.179636;,
		-1.359728;  2.960799; -2.046052;,
		-0.897318;  3.276523; -2.133994;,
		-0.827242;  3.116146; -2.162515;,
		-1.359728;  2.960799; -2.046052;,
		-1.012659;  3.405995; -2.096864;,
		-0.897318;  3.276523; -2.133994;,
		-1.359728;  2.960799; -2.046052;,
		-1.161973;  3.491888; -2.054760;,
		-1.012659;  3.405995; -2.096864;,
		-1.359728;  2.960799; -2.046052;,
		-1.330645;  3.525794; -2.011804;,
		-1.161973;  3.491888; -2.054760;,
		-1.359728;  2.960799; -2.046052;,
		-1.502164;  3.504395; -1.972201;,
		-1.330645;  3.525794; -2.011804;,
		-1.359728;  2.960799; -2.046052;,
		-1.659740;  3.429784; -1.939826;,
		-1.502164;  3.504395; -1.972201;,
		-1.359728;  2.960799; -2.046052;,
		-1.787948;  3.309266; -1.917850;,
		-1.659740;  3.429784; -1.939826;,
		-1.359728;  2.960799; -2.046052;,
		-1.874240;  3.154638; -1.908423;,
		-1.787948;  3.309266; -1.917850;,
		-1.359728;  2.960799; -2.046052;,
		-1.910168;  2.981035; -1.912468;,
		-1.874240;  3.154638; -1.908423;,
		-1.359728;  2.960799; -2.046052;,
		-1.892215;  2.805452; -1.929589;,
		-1.910168;  2.981035; -1.912468;,
		-1.359728;  2.960799; -2.046052;,
		-1.908707;  2.810466; -1.998307;,
		-1.838631;  2.650089; -2.026829;,
		-1.376221;  2.965813; -2.114770;,
		-1.838631;  2.650089; -2.026829;,
		-1.723290;  2.520617; -2.063958;,
		-1.376221;  2.965813; -2.114770;,
		-1.723290;  2.520617; -2.063958;,
		-1.573976;  2.434724; -2.106062;,
		-1.376221;  2.965813; -2.114770;,
		-1.573976;  2.434724; -2.106062;,
		-1.405304;  2.400818; -2.149018;,
		-1.376221;  2.965813; -2.114770;,
		-1.405304;  2.400818; -2.149018;,
		-1.233785;  2.422217; -2.188622;,
		-1.376221;  2.965813; -2.114770;,
		-1.233785;  2.422217; -2.188622;,
		-1.076209;  2.496828; -2.220996;,
		-1.376221;  2.965813; -2.114770;,
		-1.076209;  2.496828; -2.220996;,
		-0.948000;  2.617346; -2.242973;,
		-1.376221;  2.965813; -2.114770;,
		-0.948000;  2.617346; -2.242973;,
		-0.861708;  2.771974; -2.252400;,
		-1.376221;  2.965813; -2.114770;,
		-0.861708;  2.771974; -2.252400;,
		-0.825781;  2.945577; -2.248355;,
		-1.376221;  2.965813; -2.114770;,
		-0.825781;  2.945577; -2.248355;,
		-0.843734;  3.121160; -2.231233;,
		-1.376221;  2.965813; -2.114770;,
		-0.843734;  3.121160; -2.231233;,
		-0.913811;  3.281537; -2.202712;,
		-1.376221;  2.965813; -2.114770;,
		-0.913811;  3.281537; -2.202712;,
		-1.029152;  3.411009; -2.165582;,
		-1.376221;  2.965813; -2.114770;,
		-1.029152;  3.411009; -2.165582;,
		-1.178466;  3.496902; -2.123478;,
		-1.376221;  2.965813; -2.114770;,
		-1.178466;  3.496902; -2.123478;,
		-1.347138;  3.530808; -2.080522;,
		-1.376221;  2.965813; -2.114770;,
		-1.347138;  3.530808; -2.080522;,
		-1.518656;  3.509409; -2.040919;,
		-1.376221;  2.965813; -2.114770;,
		-1.518656;  3.509409; -2.040919;,
		-1.676232;  3.434798; -2.008544;,
		-1.376221;  2.965813; -2.114770;,
		-1.676232;  3.434798; -2.008544;,
		-1.804441;  3.314281; -1.986568;,
		-1.376221;  2.965813; -2.114770;,
		-1.804441;  3.314281; -1.986568;,
		-1.890733;  3.159652; -1.977141;,
		-1.376221;  2.965813; -2.114770;,
		-1.890733;  3.159652; -1.977141;,
		-1.926660;  2.986050; -1.981186;,
		-1.376221;  2.965813; -2.114770;,
		-1.926660;  2.986050; -1.981186;,
		-1.908707;  2.810466; -1.998307;,
		-1.376221;  2.965813; -2.114770;,
		-1.841135;  2.628035; -1.936534;,
		-1.720028;  2.492089; -1.975520;,
		-1.751199;  2.501567; -2.105400;,
		-1.872307;  2.637512; -2.066414;,
		-1.720028;  2.492089; -1.975520;,
		-1.563246;  2.401901; -2.019729;,
		-1.594418;  2.411379; -2.149609;,
		-1.751199;  2.501567; -2.105400;,
		-1.563246;  2.401901; -2.019729;,
		-1.386142;  2.366300; -2.064833;,
		-1.417314;  2.375777; -2.194713;,
		-1.594418;  2.411379; -2.149609;,
		-1.386142;  2.366300; -2.064833;,
		-1.206047;  2.388769; -2.106417;,
		-1.237219;  2.398247; -2.236297;,
		-1.417314;  2.375777; -2.194713;,
		-1.206047;  2.388769; -2.106417;,
		-1.040592;  2.467111; -2.140410;,
		-1.071764;  2.476588; -2.270290;,
		-1.237219;  2.398247; -2.236297;,
		-1.040592;  2.467111; -2.140410;,
		-0.905973;  2.593654; -2.163485;,
		-0.937145;  2.603132; -2.293365;,
		-1.071764;  2.476588; -2.270290;,
		-0.905973;  2.593654; -2.163485;,
		-0.817339;  2.752479; -2.173168;,
		-0.848511;  2.761956; -2.303048;,
		-0.937145;  2.603132; -2.293365;,
		-1.841135;  2.628035; -1.936534;,
		-1.913114;  2.792764; -1.907238;,
		-1.365227;  2.772622; -2.040203;,
		-1.720028;  2.492089; -1.975520;,
		-1.841135;  2.628035; -1.936534;,
		-1.365227;  2.772622; -2.040203;,
		-1.563246;  2.401901; -2.019729;,
		-1.720028;  2.492089; -1.975520;,
		-1.365227;  2.772622; -2.040203;,
		-1.386142;  2.366300; -2.064833;,
		-1.563246;  2.401901; -2.019729;,
		-1.365227;  2.772622; -2.040203;,
		-1.206047;  2.388769; -2.106417;,
		-1.386142;  2.366300; -2.064833;,
		-1.365227;  2.772622; -2.040203;,
		-1.040592;  2.467111; -2.140410;,
		-1.206047;  2.388769; -2.106417;,
		-1.365227;  2.772622; -2.040203;,
		-0.905973;  2.593654; -2.163485;,
		-1.040592;  2.467111; -2.140410;,
		-1.365227;  2.772622; -2.040203;,
		-1.857438;  2.653523; -2.095107;,
		-1.922768;  2.803037; -2.068517;,
		-1.944286;  2.802242; -2.037118;,
		-1.872307;  2.637512; -2.066414;,
		-1.741519;  2.523403; -2.132422;,
		-1.857438;  2.653523; -2.095107;,
		-1.872307;  2.637512; -2.066414;,
		-1.751199;  2.501567; -2.105400;,
		-1.591458;  2.437080; -2.174737;,
		-1.741519;  2.523403; -2.132422;,
		-1.751199;  2.501567; -2.105400;,
		-1.594418;  2.411379; -2.149609;,
		-1.421942;  2.403005; -2.217908;,
		-1.591458;  2.437080; -2.174737;,
		-1.594418;  2.411379; -2.149609;,
		-1.417314;  2.375777; -2.194713;,
		-1.249565;  2.424511; -2.257710;,
		-1.421942;  2.403005; -2.217908;,
		-1.417314;  2.375777; -2.194713;,
		-1.237219;  2.398247; -2.236297;,
		-1.091200;  2.499495; -2.290246;,
		-1.249565;  2.424511; -2.257710;,
		-1.237219;  2.398247; -2.236297;,
		-1.071764;  2.476588; -2.270290;,
		-0.962350;  2.620616; -2.312333;,
		-1.091200;  2.499495; -2.290246;,
		-1.071764;  2.476588; -2.270290;,
		-0.937145;  2.603132; -2.293365;,
		-1.787540;  2.703876; -2.120007;,
		-1.829684;  2.800327; -2.102854;,
		-1.922768;  2.803037; -2.068517;,
		-1.857438;  2.653523; -2.095107;,
		-1.689722;  2.594074; -2.151497;,
		-1.787540;  2.703876; -2.120007;,
		-1.857438;  2.653523; -2.095107;,
		-1.741519;  2.523403; -2.132422;,
		-1.563090;  2.521229; -2.187204;,
		-1.689722;  2.594074; -2.151497;,
		-1.741519;  2.523403; -2.132422;,
		-1.591458;  2.437080; -2.174737;,
		-1.420043;  2.492474; -2.223634;,
		-1.563090;  2.521229; -2.187204;,
		-1.591458;  2.437080; -2.174737;,
		-1.421942;  2.403005; -2.217908;,
		-1.274580;  2.510622; -2.257222;,
		-1.420043;  2.492474; -2.223634;,
		-1.421942;  2.403005; -2.217908;,
		-1.249565;  2.424511; -2.257710;,
		-1.140942;  2.573898; -2.284678;,
		-1.274580;  2.510622; -2.257222;,
		-1.249565;  2.424511; -2.257710;,
		-1.091200;  2.499495; -2.290246;,
		-1.032210;  2.676107; -2.303316;,
		-1.140942;  2.573898; -2.284678;,
		-1.091200;  2.499495; -2.290246;,
		-0.962350;  2.620616; -2.312333;,
		-1.787540;  2.703876; -2.120007;,
		-1.689722;  2.594074; -2.151497;,
		-1.405889;  2.784985; -2.209627;,
		-1.689722;  2.594074; -2.151497;,
		-1.563090;  2.521229; -2.187204;,
		-1.405889;  2.784985; -2.209627;,
		-1.563090;  2.521229; -2.187204;,
		-1.420043;  2.492474; -2.223634;,
		-1.405889;  2.784985; -2.209627;,
		-1.420043;  2.492474; -2.223634;,
		-1.274580;  2.510622; -2.257222;,
		-1.405889;  2.784985; -2.209627;,
		-1.274580;  2.510622; -2.257222;,
		-1.140942;  2.573898; -2.284678;,
		-1.405889;  2.784985; -2.209627;,
		-1.140942;  2.573898; -2.284678;,
		-1.032210;  2.676107; -2.303316;,
		-1.405889;  2.784985; -2.209627;,
		-1.032210;  2.676107; -2.303316;,
		-0.980314;  2.769101; -2.308985;,
		-1.405889;  2.784985; -2.209627;,
		-1.944286;  2.802242; -2.037118;,
		-1.913114;  2.792764; -1.907238;,
		-1.841135;  2.628035; -1.936534;,
		-1.872307;  2.637512; -2.066414;,
		-1.365227;  2.772622; -2.040203;,
		-0.817339;  2.752479; -2.173168;,
		-0.905973;  2.593654; -2.163485;,
		-0.848511;  2.761956; -2.303048;,
		-0.881903;  2.764771; -2.321121;,
		-0.962350;  2.620616; -2.312333;,
		-0.937145;  2.603132; -2.293365;,
		-0.881903;  2.764771; -2.321121;,
		-0.980314;  2.769101; -2.308985;,
		-1.032210;  2.676107; -2.303316;,
		-0.962350;  2.620616; -2.312333;,
		-1.405889;  2.784985; -2.209627;,
		-1.829684;  2.800327; -2.102854;,
		-1.787540;  2.703876; -2.120007;,
		-0.817339;  2.752479; -2.173168;,
		-1.365227;  2.772622; -2.040203;,
		-1.405889;  2.784985; -2.209627;,
		-0.980314;  2.769101; -2.308985;,
		-1.365227;  2.772622; -2.040203;,
		-1.913114;  2.792764; -1.907238;,
		-1.829684;  2.800327; -2.102854;,
		-1.405889;  2.784985; -2.209627;,
		-1.944286;  2.802242; -2.037118;,
		-1.922768;  2.803037; -2.068517;,
		-1.829684;  2.800327; -2.102854;,
		-1.913114;  2.792764; -1.907238;,
		-0.848511;  2.761956; -2.303048;,
		-0.817339;  2.752479; -2.173168;,
		-0.980314;  2.769101; -2.308985;,
		-0.881903;  2.764771; -2.321121;,
		-1.914716;  2.796431; -1.906586;,
		-1.841135;  2.628035; -1.936534;,
		-1.872307;  2.637512; -2.066414;,
		-1.945887;  2.805908; -2.036466;,
		-1.841135;  2.628035; -1.936534;,
		-1.720028;  2.492089; -1.975520;,
		-1.751199;  2.501567; -2.105400;,
		-1.872307;  2.637512; -2.066414;,
		-1.720028;  2.492089; -1.975520;,
		-1.563248;  2.401901; -2.019729;,
		-1.594419;  2.411379; -2.149609;,
		-1.751199;  2.501567; -2.105400;,
		-1.563248;  2.401901; -2.019729;,
		-1.386142;  2.366300; -2.064833;,
		-1.417314;  2.375778; -2.194713;,
		-1.594419;  2.411379; -2.149609;,
		-1.386142;  2.366300; -2.064833;,
		-1.206047;  2.388769; -2.106417;,
		-1.237219;  2.398247; -2.236297;,
		-1.417314;  2.375778; -2.194713;,
		-1.206047;  2.388769; -2.106417;,
		-1.040592;  2.467111; -2.140410;,
		-1.071764;  2.476588; -2.270290;,
		-1.237219;  2.398247; -2.236297;,
		-1.040592;  2.467111; -2.140410;,
		-0.905973;  2.593654; -2.163485;,
		-0.937145;  2.603132; -2.293365;,
		-1.071764;  2.476588; -2.270290;,
		-0.905973;  2.593654; -2.163485;,
		-0.815367;  2.756014; -2.173383;,
		-0.846539;  2.765491; -2.303263;,
		-0.937145;  2.603132; -2.293365;,
		-0.815367;  2.756014; -2.173383;,
		-0.777643;  2.938297; -2.169136;,
		-0.808815;  2.947774; -2.299016;,
		-0.846539;  2.765491; -2.303263;,
		-1.933567;  2.980793; -1.888609;,
		-1.914716;  2.796431; -1.906586;,
		-1.945887;  2.805908; -2.036466;,
		-1.964738;  2.990271; -2.018489;,
		-1.841135;  2.628035; -1.936534;,
		-1.914716;  2.796431; -1.906586;,
		-1.355605;  2.959545; -2.028872;,
		-1.720028;  2.492089; -1.975520;,
		-1.841135;  2.628035; -1.936534;,
		-1.355605;  2.959545; -2.028872;,
		-1.563248;  2.401901; -2.019729;,
		-1.720028;  2.492089; -1.975520;,
		-1.355605;  2.959545; -2.028872;,
		-1.386142;  2.366300; -2.064833;,
		-1.563248;  2.401901; -2.019729;,
		-1.355605;  2.959545; -2.028872;,
		-1.206047;  2.388769; -2.106417;,
		-1.386142;  2.366300; -2.064833;,
		-1.355605;  2.959545; -2.028872;,
		-1.040592;  2.467111; -2.140410;,
		-1.206047;  2.388769; -2.106417;,
		-1.355605;  2.959545; -2.028872;,
		-0.905973;  2.593654; -2.163485;,
		-1.040592;  2.467111; -2.140410;,
		-1.355605;  2.959545; -2.028872;,
		-0.815367;  2.756014; -2.173383;,
		-0.905973;  2.593654; -2.163485;,
		-1.355605;  2.959545; -2.028872;,
		-0.777643;  2.938297; -2.169136;,
		-0.815367;  2.756014; -2.173383;,
		-1.355605;  2.959545; -2.028872;,
		-1.914716;  2.796431; -1.906586;,
		-1.933567;  2.980793; -1.888609;,
		-1.355605;  2.959545; -2.028872;,
		-1.964738;  2.990271; -2.018489;,
		-1.945887;  2.805908; -2.036466;,
		-1.927865;  2.814703; -2.066442;,
		-1.945907;  2.991165; -2.049236;,
		-1.857438;  2.653523; -2.095107;,
		-1.927865;  2.814703; -2.066442;,
		-1.945887;  2.805908; -2.036466;,
		-1.872307;  2.637512; -2.066414;,
		-1.741519;  2.523403; -2.132422;,
		-1.857438;  2.653523; -2.095107;,
		-1.872307;  2.637512; -2.066414;,
		-1.751199;  2.501567; -2.105400;,
		-1.591458;  2.437080; -2.174737;,
		-1.741519;  2.523403; -2.132422;,
		-1.751199;  2.501567; -2.105400;,
		-1.594419;  2.411379; -2.149609;,
		-1.421942;  2.403005; -2.217908;,
		-1.591458;  2.437080; -2.174737;,
		-1.594419;  2.411379; -2.149609;,
		-1.417314;  2.375778; -2.194713;,
		-1.249565;  2.424511; -2.257710;,
		-1.421942;  2.403005; -2.217908;,
		-1.417314;  2.375778; -2.194713;,
		-1.237219;  2.398247; -2.236297;,
		-1.091200;  2.499495; -2.290246;,
		-1.249565;  2.424511; -2.257710;,
		-1.237219;  2.398247; -2.236297;,
		-1.071764;  2.476588; -2.270290;,
		-0.962350;  2.620616; -2.312333;,
		-1.091200;  2.499495; -2.290246;,
		-1.071764;  2.476588; -2.270290;,
		-0.937145;  2.603132; -2.293365;,
		-0.875626;  2.776018; -2.321807;,
		-0.962350;  2.620616; -2.312333;,
		-0.937145;  2.603132; -2.293365;,
		-0.846539;  2.765491; -2.303263;,
		-0.839519;  2.950490; -2.317741;,
		-0.875626;  2.776018; -2.321807;,
		-0.846539;  2.765491; -2.303263;,
		-0.808815;  2.947774; -2.299016;,
		-1.846971;  2.839890; -2.095819;,
		-1.862197;  2.988800; -2.081299;,
		-1.945907;  2.991165; -2.049236;,
		-1.927865;  2.814703; -2.066442;,
		-1.787540;  2.703876; -2.120007;,
		-1.846971;  2.839890; -2.095819;,
		-1.927865;  2.814703; -2.066442;,
		-1.857438;  2.653523; -2.095107;,
		-1.689722;  2.594074; -2.151497;,
		-1.787540;  2.703876; -2.120007;,
		-1.857438;  2.653523; -2.095107;,
		-1.741519;  2.523403; -2.132422;,
		-1.563090;  2.521229; -2.187204;,
		-1.689722;  2.594074; -2.151497;,
		-1.741519;  2.523403; -2.132422;,
		-1.591458;  2.437080; -2.174737;,
		-1.420043;  2.492474; -2.223634;,
		-1.563090;  2.521229; -2.187204;,
		-1.591458;  2.437080; -2.174737;,
		-1.421942;  2.403005; -2.217908;,
		-1.274580;  2.510622; -2.257222;,
		-1.420043;  2.492474; -2.223634;,
		-1.421942;  2.403005; -2.217908;,
		-1.249565;  2.424511; -2.257710;,
		-1.140942;  2.573898; -2.284678;,
		-1.274580;  2.510622; -2.257222;,
		-1.249565;  2.424511; -2.257710;,
		-1.091200;  2.499495; -2.290246;,
		-1.032210;  2.676107; -2.303316;,
		-1.140942;  2.573898; -2.284678;,
		-1.091200;  2.499495; -2.290246;,
		-0.962350;  2.620616; -2.312333;,
		-0.959028;  2.807245; -2.311311;,
		-1.032210;  2.676107; -2.303316;,
		-0.962350;  2.620616; -2.312333;,
		-0.875626;  2.776018; -2.321807;,
		-0.928558;  2.954475; -2.307880;,
		-0.959028;  2.807245; -2.311311;,
		-0.875626;  2.776018; -2.321807;,
		-0.839519;  2.950490; -2.317741;,
		-1.846971;  2.839890; -2.095819;,
		-1.787540;  2.703876; -2.120007;,
		-1.396837;  2.972081; -2.200668;,
		-1.787540;  2.703876; -2.120007;,
		-1.689722;  2.594074; -2.151497;,
		-1.396837;  2.972081; -2.200668;,
		-1.689722;  2.594074; -2.151497;,
		-1.563090;  2.521229; -2.187204;,
		-1.396837;  2.972081; -2.200668;,
		-1.563090;  2.521229; -2.187204;,
		-1.420043;  2.492474; -2.223634;,
		-1.396837;  2.972081; -2.200668;,
		-1.420043;  2.492474; -2.223634;,
		-1.274580;  2.510622; -2.257222;,
		-1.396837;  2.972081; -2.200668;,
		-1.274580;  2.510622; -2.257222;,
		-1.140942;  2.573898; -2.284678;,
		-1.396837;  2.972081; -2.200668;,
		-1.140942;  2.573898; -2.284678;,
		-1.032210;  2.676107; -2.303316;,
		-1.396837;  2.972081; -2.200668;,
		-1.032210;  2.676107; -2.303316;,
		-0.959028;  2.807245; -2.311311;,
		-1.396837;  2.972081; -2.200668;,
		-0.959028;  2.807245; -2.311311;,
		-0.928558;  2.954475; -2.307880;,
		-1.396837;  2.972081; -2.200668;,
		-1.862197;  2.988800; -2.081299;,
		-1.846971;  2.839890; -2.095819;,
		-1.396837;  2.972081; -2.200668;,
		-0.777643;  2.938297; -2.169136;,
		-1.355605;  2.959545; -2.028872;,
		-1.396837;  2.972081; -2.200668;,
		-0.928558;  2.954475; -2.307880;,
		-1.355605;  2.959545; -2.028872;,
		-1.933567;  2.980793; -1.888609;,
		-1.862197;  2.988800; -2.081299;,
		-1.396837;  2.972081; -2.200668;,
		-0.808815;  2.947774; -2.299016;,
		-0.777643;  2.938297; -2.169136;,
		-0.928558;  2.954475; -2.307880;,
		-0.839519;  2.950490; -2.317741;,
		-1.964738;  2.990271; -2.018489;,
		-1.945907;  2.991165; -2.049236;,
		-1.862197;  2.988800; -2.081299;,
		-1.933567;  2.980793; -1.888609;,
		-0.870075;  3.291056; -2.121211;,
		-0.991182;  3.427001; -2.082225;,
		-1.022354;  3.436478; -2.212105;,
		-0.901246;  3.300533; -2.251091;,
		-0.991182;  3.427001; -2.082225;,
		-1.147963;  3.517189; -2.038016;,
		-1.179135;  3.526666; -2.167896;,
		-1.022354;  3.436478; -2.212105;,
		-1.147963;  3.517189; -2.038016;,
		-1.325068;  3.552790; -1.992912;,
		-1.356239;  3.562268; -2.122792;,
		-1.179135;  3.526666; -2.167896;,
		-1.325068;  3.552790; -1.992912;,
		-1.505162;  3.530321; -1.951328;,
		-1.536334;  3.539798; -2.081208;,
		-1.356239;  3.562268; -2.122792;,
		-1.505162;  3.530321; -1.951328;,
		-1.670617;  3.451980; -1.917335;,
		-1.701789;  3.461457; -2.047215;,
		-1.536334;  3.539798; -2.081208;,
		-1.670617;  3.451980; -1.917335;,
		-1.805237;  3.325436; -1.894260;,
		-1.836408;  3.334913; -2.024140;,
		-1.701789;  3.461457; -2.047215;,
		-1.805237;  3.325436; -1.894260;,
		-1.893871;  3.166611; -1.884577;,
		-1.925043;  3.176089; -2.014457;,
		-1.836408;  3.334913; -2.024140;,
		-0.870075;  3.291056; -2.121211;,
		-0.798096;  3.126326; -2.150507;,
		-1.345983;  3.146469; -2.017542;,
		-0.991182;  3.427001; -2.082225;,
		-0.870075;  3.291056; -2.121211;,
		-1.345983;  3.146469; -2.017542;,
		-1.147963;  3.517189; -2.038016;,
		-0.991182;  3.427001; -2.082225;,
		-1.345983;  3.146469; -2.017542;,
		-1.325068;  3.552790; -1.992912;,
		-1.147963;  3.517189; -2.038016;,
		-1.345983;  3.146469; -2.017542;,
		-1.505162;  3.530321; -1.951328;,
		-1.325068;  3.552790; -1.992912;,
		-1.345983;  3.146469; -2.017542;,
		-1.670617;  3.451980; -1.917335;,
		-1.505162;  3.530321; -1.951328;,
		-1.345983;  3.146469; -2.017542;,
		-1.805237;  3.325436; -1.894260;,
		-1.670617;  3.451980; -1.917335;,
		-1.345983;  3.146469; -2.017542;,
		-0.927989;  3.288132; -2.271870;,
		-0.862659;  3.138618; -2.298460;,
		-0.829268;  3.135803; -2.280387;,
		-0.901246;  3.300533; -2.251091;,
		-1.043907;  3.418252; -2.234555;,
		-0.927989;  3.288132; -2.271870;,
		-0.901246;  3.300533; -2.251091;,
		-1.022354;  3.436478; -2.212105;,
		-1.193969;  3.504575; -2.192240;,
		-1.043907;  3.418252; -2.234555;,
		-1.022354;  3.436478; -2.212105;,
		-1.179135;  3.526666; -2.167896;,
		-1.363485;  3.538651; -2.149069;,
		-1.193969;  3.504575; -2.192240;,
		-1.179135;  3.526666; -2.167896;,
		-1.356239;  3.562268; -2.122792;,
		-1.535862;  3.517144; -2.109267;,
		-1.363485;  3.538651; -2.149069;,
		-1.356239;  3.562268; -2.122792;,
		-1.536334;  3.539798; -2.081208;,
		-1.694227;  3.442160; -2.076731;,
		-1.535862;  3.517144; -2.109267;,
		-1.536334;  3.539798; -2.081208;,
		-1.701789;  3.461457; -2.047215;,
		-1.823077;  3.321039; -2.054645;,
		-1.694227;  3.442160; -2.076731;,
		-1.701789;  3.461457; -2.047215;,
