xof 0303txt 0032

AnimTicksPerSecond {
	30;
}
Material blinn1 {
	 1.000000; 1.000000; 1.000000; 1.000000;;
	 128.000000;
	 0.500000; 0.500000; 0.500000;;
	 0.000000; 0.000000; 0.000000;;
	TextureFileName {".\\Ribs_D.dds";}
}
Frame Ribs_ROOTSHJnt {
	FrameTransformMatrix {
		1.000000,0.000000,0.000000,0.000000,-0.000000,-0.037063,0.999313,0.000000,-0.000000,-0.999313,-0.037063,0.000000,0.071085,0.417927,1.945213,1.000000;;
	}
	Frame Ribs_Spine_01SHJnt {
		FrameTransformMatrix {
			1.000000,0.000000,-0.000000,0.000000,0.000000,-0.731690,-0.681638,0.000000,-0.000000,0.681638,-0.731690,0.000000,0.025097,-0.519767,-0.939631,1.000000;;
		}
		Frame Ribs_Spine_02SHJnt {
			FrameTransformMatrix {
				0.999958,-0.006776,-0.006150,0.000000,0.003958,0.926219,-0.376965,0.000000,0.008251,0.376925,0.926207,0.000000,0.001108,1.072082,-0.081480,1.000000;;
			}
			Frame Ribs_Spine_03SHJnt {
				FrameTransformMatrix {
					0.999958,0.003958,0.008251,0.000000,0.000517,0.875750,-0.482765,0.000000,-0.009137,0.482749,0.875711,0.000000,-0.020996,0.958810,-0.285384,1.000000;;
				}
				Frame Ribs_Spine_04SHJnt {
					FrameTransformMatrix {
						1.000000,0.000000,-0.000000,0.000000,0.000000,0.754635,-0.656145,0.000000,-0.000000,0.656145,0.754635,0.000000,-0.034154,1.449676,-0.473509,1.000000;;
					}
					Frame Ribs_Spine_TopSHJnt {
						FrameTransformMatrix {
							0.000000,0.715251,-0.698867,0.000000,-1.000000,0.000000,-0.000000,0.000000,0.000000,0.698867,0.715251,0.000000,-0.043581,0.931087,-0.524671,1.000000;;
						}
						Frame Ribs_l_Leg1_HipSHJnt {
							FrameTransformMatrix {
								0.000001,-0.615423,-0.788197,0.000000,-1.000000,0.000000,-0.000002,0.000000,0.000001,0.788197,-0.615423,0.000000,0.000000,-0.659025,-0.030415,1.000000;;
							}
							Frame Ribs_l_Leg1_KneeSHJnt {
								FrameTransformMatrix {
									0.617559,-0.000000,0.786524,0.000000,0.000000,1.000000,-0.000000,0.000000,-0.786524,0.000000,0.617559,0.000000,1.154107,-0.000000,-0.000000,1.000000;;
								}
							}
						}
						Frame Ribs_r_Leg1_HipSHJnt {
							FrameTransformMatrix {
								0.000001,0.615423,-0.788197,0.000000,1.000000,0.000000,0.000002,0.000000,0.000001,-0.788197,-0.615423,0.000000,0.000000,0.659025,-0.030415,1.000000;;
							}
							Frame Ribs_r_Leg1_KneeSHJnt {
								FrameTransformMatrix {
									0.629440,0.000000,0.777049,0.000000,-0.000000,1.000000,0.000000,0.000000,-0.777049,-0.000000,0.629440,0.000000,1.154107,-0.000000,0.000000,1.000000;;
								}
							}
						}
						Frame Ribs_l_UpperLidOpen_AuxSHJnt {
							FrameTransformMatrix {
								-0.000011,-0.000998,-0.000068,0.000000,0.000986,-0.000022,0.000166,0.000000,-0.000167,-0.000065,0.000984,0.000000,0.589793,-0.324684,0.088065,1.000000;;
							}
						}
						Frame Ribs_r_UpperLidOpen_AuxSHJnt {
							FrameTransformMatrix {
								0.000011,-0.000998,0.000068,0.000000,0.000986,0.000022,0.000166,0.000000,-0.000167,0.000065,0.000984,0.000000,0.589793,0.324684,0.088065,1.000000;;
							}
						}
						Frame Ribs_l_Pupil_AuxSHJnt {
							FrameTransformMatrix {
								0.003342,0.993429,0.114401,0.000000,0.985945,-0.022382,0.165563,0.000000,0.167036,0.112240,-0.979541,0.000000,0.590982,-0.336779,0.193054,1.000000;;
							}
						}
						Frame Ribs_r_Pupil_AuxSHJnt {
							FrameTransformMatrix {
								-0.019048,0.999583,-0.021700,0.000000,0.985945,0.022382,0.165563,0.000000,0.165980,-0.018241,-0.985960,0.000000,0.591096,0.327002,0.193695,1.000000;;
							}
						}
						Frame Ribs_l_UpperLidClosed_AuxSHJnt {
							FrameTransformMatrix {
								-0.011207,-0.997614,-0.068126,0.000000,0.985945,-0.022382,0.165563,0.000000,-0.166693,-0.065313,0.983843,0.000000,0.589793,-0.324684,0.088065,1.000000;;
							}
						}
						Frame Ribs_r_UpperLidClosed_AuxSHJnt {
							FrameTransformMatrix {
								0.011207,-0.997614,0.068126,0.000000,0.985945,0.022382,0.165563,0.000000,-0.166693,0.065313,0.983843,0.000000,0.589793,0.324684,0.088065,1.000000;;
							}
						}
						Frame Ribs_l_LowerLidOpen_AuxSHJnt {
							FrameTransformMatrix {
								-0.000011,-0.000998,-0.000068,0.000000,0.000986,-0.000022,0.000166,0.000000,-0.000167,-0.000065,0.000984,0.000000,0.589793,-0.324684,0.088065,1.000000;;
							}
						}
						Frame Ribs_r_LowerLidOpen_AuxSHJnt {
							FrameTransformMatrix {
								0.000011,-0.000998,0.000068,0.000000,0.000986,0.000022,0.000166,0.000000,-0.000167,0.000065,0.000984,0.000000,0.589793,0.324684,0.088065,1.000000;;
							}
						}
						Frame Ribs_l_LowerLidClosed_AuxSHJnt {
							FrameTransformMatrix {
								-0.011207,-0.997614,-0.068126,0.000000,0.985945,-0.022382,0.165563,0.000000,-0.166693,-0.065313,0.983843,0.000000,0.589793,-0.324684,0.088065,1.000000;;
							}
						}
						Frame Ribs_r_LowerLidClosed_AuxSHJnt {
							FrameTransformMatrix {
								0.011207,-0.997614,0.068126,0.000000,0.985945,0.022382,0.165563,0.000000,-0.166693,0.065313,0.983843,0.000000,0.589793,0.324684,0.088065,1.000000;;
							}
						}
					}
					Frame Ribs_l_Leg2_HipSHJnt {
						FrameTransformMatrix {
							0.518411,-0.000000,-0.855132,0.000000,0.000000,-1.000000,0.000000,0.000000,-0.855132,-0.000000,-0.518411,0.000000,0.674004,-0.008043,-0.030323,1.000000;;
						}
						Frame Ribs_l_Leg2_KneeSHJnt {
							FrameTransformMatrix {
								0.026319,0.000000,0.999654,0.000000,0.000000,1.000000,-0.000000,0.000000,-0.999654,-0.000000,0.026319,0.000000,1.216916,0.000000,-0.000000,1.000000;;
							}
						}
					}
					Frame Ribs_r_Leg2_HipSHJnt {
						FrameTransformMatrix {
							-0.518411,0.000000,-0.855132,0.000000,0.000000,1.000000,-0.000000,0.000000,0.855132,-0.000000,-0.518411,0.000000,-0.674004,-0.008043,-0.030323,1.000000;;
						}
						Frame Ribs_r_Leg2_KneeSHJnt {
							FrameTransformMatrix {
								0.026319,0.000000,0.999654,0.000000,0.000000,1.000000,-0.000000,0.000000,-0.999654,-0.000000,0.026319,0.000000,1.216916,-0.000000,-0.000000,1.000000;;
							}
						}
					}
				}
				Frame Ribs_l_Leg3_HipSHJnt {
					FrameTransformMatrix {
						0.618117,-0.000000,-0.786086,0.000000,0.000000,-1.000000,0.000000,0.000000,-0.786086,-0.000000,-0.618117,0.000000,0.653198,-0.002725,-0.030323,1.000000;;
					}
					Frame Ribs_l_Leg3_KneeSHJnt {
						FrameTransformMatrix {
							0.623775,0.000000,0.781604,0.000000,0.000000,1.000000,-0.000000,0.000000,-0.781604,-0.000000,0.623775,0.000000,1.213560,-0.000000,0.000000,1.000000;;
						}
					}
				}
				Frame Ribs_r_Leg3_HipSHJnt {
					FrameTransformMatrix {
						-0.502734,0.000000,-0.864441,0.000000,0.000000,1.000000,-0.000000,0.000000,0.864441,-0.000000,-0.502734,0.000000,-0.653198,-0.002725,-0.030323,1.000000;;
					}
					Frame Ribs_r_Leg3_KneeSHJnt {
						FrameTransformMatrix {
							0.505087,0.000000,0.863069,0.000000,0.000000,1.000000,-0.000000,0.000000,-0.863069,-0.000000,0.505087,0.000000,1.213560,0.000000,-0.000000,1.000000;;
						}
					}
				}
			}
			Frame Ribs_l_Leg4_HipSHJnt {
				FrameTransformMatrix {
					0.481782,-0.000000,-0.876291,0.000000,0.000000,-1.000000,0.000000,0.000000,-0.876291,-0.000000,-0.481782,0.000000,0.626716,0.004672,-0.030323,1.000000;;
				}
				Frame Ribs_l_Leg4_KneeSHJnt {
					FrameTransformMatrix {
						-0.055638,0.000000,0.998451,0.000000,0.000000,1.000000,-0.000000,0.000000,-0.998451,-0.000000,-0.055638,0.000000,1.148747,0.000000,-0.000000,1.000000;;
					}
				}
			}
			Frame Ribs_r_Leg4_HipSHJnt {
				FrameTransformMatrix {
					-0.481782,0.000000,-0.876291,0.000000,0.000000,1.000000,-0.000000,0.000000,0.876291,-0.000000,-0.481782,0.000000,-0.626716,0.004672,-0.030323,1.000000;;
				}
				Frame Ribs_r_Leg4_KneeSHJnt {
					FrameTransformMatrix {
						-0.055638,0.000000,0.998451,0.000000,0.000000,1.000000,-0.000000,0.000000,-0.998451,-0.000000,-0.055638,0.000000,1.148747,-0.000000,0.000000,1.000000;;
					}
				}
			}
		}
		Frame Ribs_l_Leg5_HipSHJnt {
			FrameTransformMatrix {
				0.455717,-0.000000,-0.890125,0.000000,0.000000,-1.000000,0.000000,0.000000,-0.890125,-0.000000,-0.455717,0.000000,0.586855,0.010012,-0.030323,1.000000;;
			}
			Frame Ribs_l_Leg5_KneeSHJnt {
				FrameTransformMatrix {
					0.258541,0.000000,0.966000,0.000000,0.000000,1.000000,-0.000000,0.000000,-0.966000,-0.000000,0.258541,0.000000,1.084424,0.000000,0.000000,1.000000;;
				}
			}
		}
		Frame Ribs_r_Leg5_HipSHJnt {
			FrameTransformMatrix {
				-0.455717,0.000000,-0.890125,0.000000,0.000000,1.000000,-0.000000,0.000000,0.890125,-0.000000,-0.455717,0.000000,-0.586855,0.010012,-0.030323,1.000000;;
			}
			Frame Ribs_r_Leg5_KneeSHJnt {
				FrameTransformMatrix {
					0.258541,0.000000,0.966000,0.000000,0.000000,1.000000,-0.000000,0.000000,-0.966000,-0.000000,0.258541,0.000000,1.084424,-0.000000,0.000000,1.000000;;
				}
			}
		}
	}
	Frame Ribs_l_Leg6_HipSHJnt {
		FrameTransformMatrix {
			0.535770,-0.844364,0.000000,0.000000,0.000000,0.000000,1.000000,0.000000,-0.844364,-0.535770,0.000000,0.000000,0.550052,-0.030415,-0.000000,1.000000;;
		}
		Frame Ribs_l_Leg6_KneeSHJnt {
			FrameTransformMatrix {
				0.793626,0.000000,0.608407,0.000000,0.000000,1.000000,-0.000000,0.000000,-0.608407,-0.000000,0.793626,0.000000,0.978626,-0.000000,0.000000,1.000000;;
			}
		}
	}
	Frame Ribs_r_Leg6_HipSHJnt {
		FrameTransformMatrix {
			-0.535770,-0.844364,0.000000,0.000000,0.000000,-0.000000,-1.000000,0.000000,0.844364,-0.535770,0.000000,0.000000,-0.550052,-0.030415,0.000000,1.000000;;
		}
		Frame Ribs_r_Leg6_KneeSHJnt {
			FrameTransformMatrix {
				0.793626,0.000000,0.608407,0.000000,0.000000,1.000000,-0.000000,0.000000,-0.608407,-0.000000,0.793626,0.000000,0.978626,0.000000,-0.000000,1.000000;;
			}
		}
	}
}
Frame RibsGeo {
	FrameTransformMatrix {
		1.000000,0.000000,-0.000000,0.000000,0.000000,1.000000,-0.000000,0.000000,-0.000000,-0.000000,1.000000,0.000000,0.000000,0.000000,-0.000000,1.000000;;
	}
	Mesh RibsGeoShape {
		5744;
		 0.178259;  0.868179; -3.556042;,
		 0.178765;  0.871920; -3.578315;,
		 0.204052;  0.913761; -3.570715;,
		 0.203547;  0.910020; -3.548442;,
		 0.203547;  0.910020; -3.548442;,
		 0.204052;  0.913761; -3.570715;,
		 0.241239;  0.945797; -3.564492;,
		 0.240733;  0.942057; -3.542218;,
		 0.240733;  0.942057; -3.542218;,
		 0.241239;  0.945797; -3.564492;,
		 0.286684;  0.964892; -3.560253;,
		 0.286178;  0.961152; -3.537980;,
		 0.286178;  0.961152; -3.537980;,
		 0.286684;  0.964892; -3.560253;,
		 0.335940;  0.969178; -3.558415;,
		 0.335434;  0.965438; -3.536142;,
		 0.335434;  0.965438; -3.536142;,
		 0.335940;  0.969178; -3.558415;,
		 0.384184;  0.958234; -3.559158;,
		 0.383679;  0.954494; -3.536885;,
		 0.383679;  0.954494; -3.536885;,
		 0.384184;  0.958234; -3.559158;,
		 0.426696;  0.933132; -3.562408;,
		 0.426190;  0.929392; -3.540135;,
		 0.426190;  0.929392; -3.540135;,
		 0.426696;  0.933132; -3.562408;,
		 0.459312;  0.896329; -3.567848;,
		 0.458806;  0.892589; -3.545574;,
		 0.458806;  0.892589; -3.545574;,
		 0.459312;  0.896329; -3.567848;,
		 0.478841;  0.851428; -3.574944;,
		 0.478335;  0.847687; -3.552671;,
		 0.478335;  0.847687; -3.552671;,
		 0.478841;  0.851428; -3.574944;,
		 0.483370;  0.802823; -3.583003;,
		 0.482865;  0.799083; -3.560730;,
		 0.482865;  0.799083; -3.560730;,
		 0.483370;  0.802823; -3.583003;,
		 0.472457;  0.755273; -3.591236;,
		 0.471952;  0.751533; -3.568962;,
		 0.471952;  0.751533; -3.568962;,
		 0.472457;  0.755273; -3.591236;,
		 0.447170;  0.713432; -3.598836;,
		 0.446665;  0.709692; -3.576563;,
		 0.446665;  0.709692; -3.576563;,
		 0.447170;  0.713432; -3.598836;,
		 0.409984;  0.681396; -3.605060;,
		 0.409478;  0.677656; -3.582786;,
		 0.409478;  0.677656; -3.582786;,
		 0.409984;  0.681396; -3.605060;,
		 0.364539;  0.662300; -3.609298;,
		 0.364033;  0.658560; -3.587025;,
		 0.364033;  0.658560; -3.587025;,
		 0.364539;  0.662300; -3.609298;,
		 0.315283;  0.658015; -3.611136;,
		 0.314777;  0.654275; -3.588862;,
		 0.314777;  0.654275; -3.588862;,
		 0.315283;  0.658015; -3.611136;,
		 0.267038;  0.668959; -3.610393;,
		 0.266533;  0.665218; -3.588120;,
		 0.266533;  0.665218; -3.588120;,
		 0.267038;  0.668959; -3.610393;,
		 0.224527;  0.694061; -3.607143;,
		 0.224021;  0.690320; -3.584870;,
		 0.224021;  0.690320; -3.584870;,
		 0.224527;  0.694061; -3.607143;,
		 0.191911;  0.730864; -3.601704;,
		 0.191405;  0.727123; -3.579430;,
		 0.191405;  0.727123; -3.579430;,
		 0.191911;  0.730864; -3.601704;,
		 0.172382;  0.775765; -3.594607;,
		 0.171876;  0.772025; -3.572334;,
		 0.171876;  0.772025; -3.572334;,
		 0.172382;  0.775765; -3.594607;,
		 0.167852;  0.824370; -3.586548;,
		 0.167347;  0.820629; -3.564275;,
		 0.167347;  0.820629; -3.564275;,
		 0.167852;  0.824370; -3.586548;,
		 0.178765;  0.871920; -3.578315;,
		 0.178259;  0.868179; -3.556042;,
		 0.178765;  0.871920; -3.578315;,
		 0.325611;  0.813596; -3.584776;,
		 0.204052;  0.913761; -3.570715;,
		 0.204052;  0.913761; -3.570715;,
		 0.325611;  0.813596; -3.584776;,
		 0.241239;  0.945797; -3.564492;,
		 0.241239;  0.945797; -3.564492;,
		 0.325611;  0.813596; -3.584776;,
		 0.286684;  0.964892; -3.560253;,
		 0.286684;  0.964892; -3.560253;,
		 0.325611;  0.813596; -3.584776;,
		 0.335940;  0.969178; -3.558415;,
		 0.335940;  0.969178; -3.558415;,
		 0.325611;  0.813596; -3.584776;,
		 0.384184;  0.958234; -3.559158;,
		 0.384184;  0.958234; -3.559158;,
		 0.325611;  0.813596; -3.584776;,
		 0.426696;  0.933132; -3.562408;,
		 0.426696;  0.933132; -3.562408;,
		 0.325611;  0.813596; -3.584776;,
		 0.459312;  0.896329; -3.567848;,
		 0.459312;  0.896329; -3.567848;,
		 0.325611;  0.813596; -3.584776;,
		 0.478841;  0.851428; -3.574944;,
		 0.478841;  0.851428; -3.574944;,
		 0.325611;  0.813596; -3.584776;,
		 0.483370;  0.802823; -3.583003;,
		 0.483370;  0.802823; -3.583003;,
		 0.325611;  0.813596; -3.584776;,
		 0.472457;  0.755273; -3.591236;,
		 0.472457;  0.755273; -3.591236;,
		 0.325611;  0.813596; -3.584776;,
		 0.447170;  0.713432; -3.598836;,
		 0.447170;  0.713432; -3.598836;,
		 0.325611;  0.813596; -3.584776;,
		 0.409984;  0.681396; -3.605060;,
		 0.409984;  0.681396; -3.605060;,
		 0.325611;  0.813596; -3.584776;,
		 0.364539;  0.662300; -3.609298;,
		 0.364539;  0.662300; -3.609298;,
		 0.325611;  0.813596; -3.584776;,
		 0.315283;  0.658015; -3.611136;,
		 0.315283;  0.658015; -3.611136;,
		 0.325611;  0.813596; -3.584776;,
		 0.267038;  0.668959; -3.610393;,
		 0.267038;  0.668959; -3.610393;,
		 0.325611;  0.813596; -3.584776;,
		 0.224527;  0.694061; -3.607143;,
		 0.224527;  0.694061; -3.607143;,
		 0.325611;  0.813596; -3.584776;,
		 0.191911;  0.730864; -3.601704;,
		 0.191911;  0.730864; -3.601704;,
		 0.325611;  0.813596; -3.584776;,
		 0.172382;  0.775765; -3.594607;,
		 0.172382;  0.775765; -3.594607;,
		 0.325611;  0.813596; -3.584776;,
		 0.167852;  0.824370; -3.586548;,
		 0.167852;  0.824370; -3.586548;,
		 0.325611;  0.813596; -3.584776;,
		 0.178765;  0.871920; -3.578315;,
		 0.044556;  0.914714; -3.513075;,
		 0.045399;  0.920948; -3.550197;,
		 0.093565;  1.000645; -3.535721;,
		 0.092722;  0.994411; -3.498598;,
		 0.092722;  0.994411; -3.498598;,
		 0.093565;  1.000645; -3.535721;,
		 0.164396;  1.061666; -3.523866;,
		 0.163553;  1.055433; -3.486743;,
		 0.163553;  1.055433; -3.486743;,
		 0.164396;  1.061666; -3.523866;,
		 0.250958;  1.098039; -3.515793;,
		 0.250116;  1.091805; -3.478670;,
		 0.250116;  1.091805; -3.478670;,
		 0.250958;  1.098039; -3.515793;,
		 0.344779;  1.106202; -3.512292;,
		 0.343936;  1.099968; -3.475170;,
		 0.343936;  1.099968; -3.475170;,
		 0.344779;  1.106202; -3.512292;,
		 0.436674;  1.085356; -3.513706;,
		 0.435831;  1.079123; -3.476584;,
		 0.435831;  1.079123; -3.476584;,
		 0.436674;  1.085356; -3.513706;,
		 0.517647;  1.037543; -3.519897;,
		 0.516805;  1.031309; -3.482775;,
		 0.516805;  1.031309; -3.482775;,
		 0.517647;  1.037543; -3.519897;,
		 0.579774;  0.967442; -3.530258;,
		 0.578931;  0.961209; -3.493136;,
		 0.578931;  0.961209; -3.493136;,
		 0.579774;  0.967442; -3.530258;,
		 0.616971;  0.881916; -3.543776;,
		 0.616129;  0.875682; -3.506654;,
		 0.616129;  0.875682; -3.506654;,
		 0.616971;  0.881916; -3.543776;,
		 0.625599;  0.789336; -3.559126;,
		 0.624756;  0.783102; -3.522004;,
		 0.624756;  0.783102; -3.522004;,
		 0.625599;  0.789336; -3.559126;,
		 0.604813;  0.698764; -3.574807;,
		 0.603970;  0.692530; -3.537685;,
		 0.603970;  0.692530; -3.537685;,
		 0.604813;  0.698764; -3.574807;,
		 0.556646;  0.619067; -3.589284;,
		 0.555804;  0.612833; -3.552161;,
		 0.555804;  0.612833; -3.552161;,
		 0.556646;  0.619067; -3.589284;,
		 0.485815;  0.558046; -3.601139;,
		 0.484973;  0.551812; -3.564016;,
		 0.484973;  0.551812; -3.564016;,
		 0.485815;  0.558046; -3.601139;,
		 0.399253;  0.521673; -3.609211;,
		 0.398410;  0.515440; -3.572089;,
		 0.398410;  0.515440; -3.572089;,
		 0.399253;  0.521673; -3.609211;,
		 0.305432;  0.513510; -3.612712;,
		 0.304590;  0.507277; -3.575590;,
		 0.304590;  0.507277; -3.575590;,
		 0.305432;  0.513510; -3.612712;,
		 0.213538;  0.534356; -3.611298;,
		 0.212695;  0.528122; -3.574176;,
		 0.212695;  0.528122; -3.574176;,
		 0.213538;  0.534356; -3.611298;,
		 0.132564;  0.582169; -3.605107;,
		 0.131721;  0.575935; -3.567985;,
		 0.131721;  0.575935; -3.567985;,
		 0.132564;  0.582169; -3.605107;,
		 0.070438;  0.652270; -3.594746;,
		 0.069595;  0.646036; -3.557624;,
		 0.069595;  0.646036; -3.557624;,
		 0.070438;  0.652270; -3.594746;,
		 0.033240;  0.737796; -3.581228;,
		 0.032397;  0.731563; -3.544106;,
		 0.032397;  0.731563; -3.544106;,
		 0.033240;  0.737796; -3.581228;,
		 0.024612;  0.830377; -3.565878;,
		 0.023769;  0.824143; -3.528756;,
		 0.023769;  0.824143; -3.528756;,
		 0.024612;  0.830377; -3.565878;,
		 0.045399;  0.920948; -3.550197;,
		 0.044556;  0.914714; -3.513075;,
		 0.092722;  0.994411; -3.498598;,
		 0.324263;  0.803622; -3.525380;,
		 0.044556;  0.914714; -3.513075;,
		 0.163553;  1.055433; -3.486743;,
		 0.324263;  0.803622; -3.525380;,
		 0.092722;  0.994411; -3.498598;,
		 0.250116;  1.091805; -3.478670;,
		 0.324263;  0.803622; -3.525380;,
		 0.163553;  1.055433; -3.486743;,
		 0.343936;  1.099968; -3.475170;,
		 0.324263;  0.803622; -3.525380;,
		 0.250116;  1.091805; -3.478670;,
		 0.435831;  1.079123; -3.476584;,
		 0.324263;  0.803622; -3.525380;,
		 0.343936;  1.099968; -3.475170;,
		 0.516805;  1.031309; -3.482775;,
		 0.324263;  0.803622; -3.525380;,
		 0.435831;  1.079123; -3.476584;,
		 0.578931;  0.961209; -3.493136;,
		 0.324263;  0.803622; -3.525380;,
		 0.516805;  1.031309; -3.482775;,
		 0.616129;  0.875682; -3.506654;,
		 0.324263;  0.803622; -3.525380;,
		 0.578931;  0.961209; -3.493136;,
		 0.624756;  0.783102; -3.522004;,
		 0.324263;  0.803622; -3.525380;,
		 0.616129;  0.875682; -3.506654;,
		 0.603970;  0.692530; -3.537685;,
		 0.324263;  0.803622; -3.525380;,
		 0.624756;  0.783102; -3.522004;,
		 0.555804;  0.612833; -3.552161;,
		 0.324263;  0.803622; -3.525380;,
		 0.603970;  0.692530; -3.537685;,
		 0.484973;  0.551812; -3.564016;,
		 0.324263;  0.803622; -3.525380;,
		 0.555804;  0.612833; -3.552161;,
		 0.398410;  0.515440; -3.572089;,
		 0.324263;  0.803622; -3.525380;,
		 0.484973;  0.551812; -3.564016;,
		 0.304590;  0.507277; -3.575590;,
		 0.324263;  0.803622; -3.525380;,
		 0.398410;  0.515440; -3.572089;,
		 0.212695;  0.528122; -3.574176;,
		 0.324263;  0.803622; -3.525380;,
		 0.304590;  0.507277; -3.575590;,
		 0.131721;  0.575935; -3.567985;,
		 0.324263;  0.803622; -3.525380;,
		 0.212695;  0.528122; -3.574176;,
		 0.069595;  0.646036; -3.557624;,
		 0.324263;  0.803622; -3.525380;,
		 0.131721;  0.575935; -3.567985;,
		 0.032397;  0.731563; -3.544106;,
		 0.324263;  0.803622; -3.525380;,
		 0.069595;  0.646036; -3.557624;,
		 0.023769;  0.824143; -3.528756;,
		 0.324263;  0.803622; -3.525380;,
		 0.032397;  0.731563; -3.544106;,
		 0.044556;  0.914714; -3.513075;,
		 0.324263;  0.803622; -3.525380;,
		 0.023769;  0.824143; -3.528756;,
		 0.045399;  0.920948; -3.550197;,
		 0.325106;  0.809856; -3.562502;,
		 0.093565;  1.000645; -3.535721;,
		 0.093565;  1.000645; -3.535721;,
		 0.325106;  0.809856; -3.562502;,
		 0.164396;  1.061666; -3.523866;,
		 0.164396;  1.061666; -3.523866;,
		 0.325106;  0.809856; -3.562502;,
		 0.250958;  1.098039; -3.515793;,
		 0.250958;  1.098039; -3.515793;,
		 0.325106;  0.809856; -3.562502;,
		 0.344779;  1.106202; -3.512292;,
		 0.344779;  1.106202; -3.512292;,
		 0.325106;  0.809856; -3.562502;,
		 0.436674;  1.085356; -3.513706;,
		 0.436674;  1.085356; -3.513706;,
		 0.325106;  0.809856; -3.562502;,
		 0.517647;  1.037543; -3.519897;,
		 0.517647;  1.037543; -3.519897;,
		 0.325106;  0.809856; -3.562502;,
		 0.579774;  0.967442; -3.530258;,
		 0.579774;  0.967442; -3.530258;,
		 0.325106;  0.809856; -3.562502;,
		 0.616971;  0.881916; -3.543776;,
		 0.616971;  0.881916; -3.543776;,
		 0.325106;  0.809856; -3.562502;,
		 0.625599;  0.789336; -3.559126;,
		 0.625599;  0.789336; -3.559126;,
		 0.325106;  0.809856; -3.562502;,
		 0.604813;  0.698764; -3.574807;,
		 0.604813;  0.698764; -3.574807;,
		 0.325106;  0.809856; -3.562502;,
		 0.556646;  0.619067; -3.589284;,
		 0.556646;  0.619067; -3.589284;,
		 0.325106;  0.809856; -3.562502;,
		 0.485815;  0.558046; -3.601139;,
		 0.485815;  0.558046; -3.601139;,
		 0.325106;  0.809856; -3.562502;,
		 0.399253;  0.521673; -3.609211;,
		 0.399253;  0.521673; -3.609211;,
		 0.325106;  0.809856; -3.562502;,
		 0.305432;  0.513510; -3.612712;,
		 0.305432;  0.513510; -3.612712;,
		 0.325106;  0.809856; -3.562502;,
		 0.213538;  0.534356; -3.611298;,
		 0.213538;  0.534356; -3.611298;,
		 0.325106;  0.809856; -3.562502;,
		 0.132564;  0.582169; -3.605107;,
		 0.132564;  0.582169; -3.605107;,
		 0.325106;  0.809856; -3.562502;,
		 0.070438;  0.652270; -3.594746;,
		 0.070438;  0.652270; -3.594746;,
		 0.325106;  0.809856; -3.562502;,
		 0.033240;  0.737796; -3.581228;,
		 0.033240;  0.737796; -3.581228;,
		 0.325106;  0.809856; -3.562502;,
		 0.024612;  0.830377; -3.565878;,
		 0.024612;  0.830377; -3.565878;,
		 0.325106;  0.809856; -3.562502;,
		 0.045399;  0.920948; -3.550197;,
		 0.080934;  1.002393; -3.487978;,
		 0.082527;  1.014174; -3.558141;,
		 0.156900;  1.078247; -3.545693;,
		 0.155307;  1.066465; -3.475531;,
		 0.155307;  1.066465; -3.475531;,
		 0.156900;  1.078247; -3.545693;,
		 0.247791;  1.116438; -3.537217;,
		 0.246198;  1.104656; -3.467054;,
		 0.246198;  1.104656; -3.467054;,
		 0.247791;  1.116438; -3.537217;,
		 0.346302;  1.125009; -3.533541;,
		 0.344709;  1.113227; -3.463379;,
		 0.344709;  1.113227; -3.463379;,
		 0.346302;  1.125009; -3.533541;,
		 0.442791;  1.103121; -3.535026;,
		 0.441199;  1.091339; -3.464864;,
		 0.441199;  1.091339; -3.464864;,
		 0.442791;  1.103121; -3.535026;,
		 0.527814;  1.052917; -3.541527;,
		 0.526221;  1.041135; -3.471364;,
		 0.526221;  1.041135; -3.471364;,
		 0.527814;  1.052917; -3.541527;,
		 0.593046;  0.979311; -3.552406;,
		 0.591454;  0.967529; -3.482243;,
		 0.591454;  0.967529; -3.482243;,
		 0.593046;  0.979311; -3.552406;,
		 0.631254;  0.891464; -3.566290;,
		 0.629661;  0.879682; -3.496128;,
		 0.080934;  1.002393; -3.487978;,
		 0.330561;  0.900107; -3.499488;,
		 0.031461;  0.920533; -3.502848;,
		 0.155307;  1.066465; -3.475531;,
		 0.330561;  0.900107; -3.499488;,
		 0.080934;  1.002393; -3.487978;,
		 0.246198;  1.104656; -3.467054;,
		 0.330561;  0.900107; -3.499488;,
		 0.155307;  1.066465; -3.475531;,
		 0.344709;  1.113227; -3.463379;,
		 0.330561;  0.900107; -3.499488;,
		 0.246198;  1.104656; -3.467054;,
		 0.441199;  1.091339; -3.464864;,
		 0.330561;  0.900107; -3.499488;,
		 0.344709;  1.113227; -3.463379;,
		 0.526221;  1.041135; -3.471364;,
		 0.330561;  0.900107; -3.499488;,
		 0.441199;  1.091339; -3.464864;,
		 0.591454;  0.967529; -3.482243;,
		 0.330561;  0.900107; -3.499488;,
		 0.526221;  1.041135; -3.471364;,
		 0.093249;  1.007834; -3.572709;,
		 0.082527;  1.014174; -3.558141;,
		 0.033054;  0.932314; -3.573010;,
		 0.048345;  0.933535; -3.586205;,
		 0.164434;  1.069160; -3.560795;,
		 0.156900;  1.078247; -3.545693;,
		 0.082527;  1.014174; -3.558141;,
		 0.093249;  1.007834; -3.572709;,
		 0.251430;  1.105715; -3.552681;,
		 0.247791;  1.116438; -3.537217;,
		 0.156900;  1.078247; -3.545693;,
		 0.164434;  1.069160; -3.560795;,
		 0.345720;  1.113919; -3.549163;,
		 0.346302;  1.125009; -3.533541;,
		 0.247791;  1.116438; -3.537217;,
		 0.251430;  1.105715; -3.552681;,
		 0.438075;  1.092969; -3.550585;,
		 0.442791;  1.103121; -3.535026;,
		 0.346302;  1.125009; -3.533541;,
		 0.345720;  1.113919; -3.549163;,
		 0.519454;  1.044916; -3.556806;,
		 0.527814;  1.052917; -3.541527;,
		 0.442791;  1.103121; -3.535026;,
		 0.438075;  1.092969; -3.550585;,
		 0.581891;  0.974465; -3.567219;,
		 0.593046;  0.979311; -3.552406;,
		 0.527814;  1.052917; -3.541527;,
		 0.519454;  1.044916; -3.556806;,
		 0.129718;  0.978902; -3.582908;,
		 0.093249;  1.007834; -3.572709;,
		 0.048345;  0.933535; -3.586205;,
		 0.100751;  0.930972; -3.591614;,
		 0.189789;  1.030653; -3.572854;,
		 0.164434;  1.069160; -3.560795;,
		 0.093249;  1.007834; -3.572709;,
		 0.129718;  0.978902; -3.582908;,
		 0.263201;  1.061500; -3.566008;,
		 0.251430;  1.105715; -3.552681;,
		 0.164434;  1.069160; -3.560795;,
		 0.189789;  1.030653; -3.572854;,
		 0.342769;  1.068423; -3.563039;,
		 0.345720;  1.113919; -3.549163;,
		 0.251430;  1.105715; -3.552681;,
		 0.263201;  1.061500; -3.566008;,
		 0.420703;  1.050744; -3.564238;,
		 0.438075;  1.092969; -3.550585;,
		 0.345720;  1.113919; -3.549163;,
		 0.342769;  1.068423; -3.563039;,
		 0.489376;  1.010195; -3.569489;,
		 0.519454;  1.044916; -3.556806;,
		 0.438075;  1.092969; -3.550585;,
		 0.420703;  1.050744; -3.564238;,
		 0.542065;  0.950743; -3.578276;,
		 0.581891;  0.974465; -3.567219;,
		 0.519454;  1.044916; -3.556806;,
		 0.489376;  1.010195; -3.569489;,
		 0.129718;  0.978902; -3.582908;,
		 0.332639;  0.915476; -3.591012;,
		 0.189789;  1.030653; -3.572854;,
		 0.189789;  1.030653; -3.572854;,
		 0.332639;  0.915476; -3.591012;,
		 0.263201;  1.061500; -3.566008;,
		 0.263201;  1.061500; -3.566008;,
		 0.332639;  0.915476; -3.591012;,
		 0.342769;  1.068423; -3.563039;,
		 0.342769;  1.068423; -3.563039;,
		 0.332639;  0.915476; -3.591012;,
		 0.420703;  1.050744; -3.564238;,
		 0.420703;  1.050744; -3.564238;,
		 0.332639;  0.915476; -3.591012;,
		 0.489376;  1.010195; -3.569489;,
		 0.489376;  1.010195; -3.569489;,
		 0.332639;  0.915476; -3.591012;,
		 0.542065;  0.950743; -3.578276;,
		 0.542065;  0.950743; -3.578276;,
		 0.332639;  0.915476; -3.591012;,
		 0.564435;  0.899308; -3.586405;,
		 0.033054;  0.932314; -3.573010;,
		 0.082527;  1.014174; -3.558141;,
		 0.080934;  1.002393; -3.487978;,
		 0.031461;  0.920533; -3.502848;,
		 0.330561;  0.900107; -3.499488;,
		 0.591454;  0.967529; -3.482243;,
		 0.629661;  0.879682; -3.496128;,
		 0.631254;  0.891464; -3.566290;,
		 0.593046;  0.979311; -3.552406;,
		 0.581891;  0.974465; -3.567219;,
		 0.616569;  0.894731; -3.579821;,
		 0.616569;  0.894731; -3.579821;,
		 0.581891;  0.974465; -3.567219;,
		 0.542065;  0.950743; -3.578276;,
		 0.564435;  0.899308; -3.586405;,
		 0.332639;  0.915476; -3.591012;,
		 0.129718;  0.978902; -3.582908;,
		 0.100751;  0.930972; -3.591614;,
		 0.629661;  0.879682; -3.496128;,
		 0.564435;  0.899308; -3.586405;,
		 0.332639;  0.915476; -3.591012;,
		 0.330561;  0.900107; -3.499488;,
		 0.330561;  0.900107; -3.499488;,
		 0.332639;  0.915476; -3.591012;,
		 0.100751;  0.930972; -3.591614;,
		 0.031461;  0.920533; -3.502848;,
		 0.033054;  0.932314; -3.573010;,
		 0.031461;  0.920533; -3.502848;,
		 0.100751;  0.930972; -3.591614;,
		 0.048345;  0.933535; -3.586205;,
		 0.631254;  0.891464; -3.566290;,
		 0.616569;  0.894731; -3.579821;,
		 0.564435;  0.899308; -3.586405;,
		 0.629661;  0.879682; -3.496128;,
		 0.030360;  0.918711; -3.503179;,
		 0.031953;  0.930493; -3.573341;,
		 0.082527;  1.014174; -3.558141;,
		 0.080934;  1.002393; -3.487978;,
		 0.080934;  1.002393; -3.487978;,
		 0.082527;  1.014174; -3.558141;,
		 0.156900;  1.078247; -3.545693;,
		 0.155307;  1.066465; -3.475531;,
		 0.155307;  1.066465; -3.475531;,
		 0.156900;  1.078247; -3.545693;,
		 0.247790;  1.116438; -3.537217;,
		 0.246198;  1.104656; -3.467054;,
		 0.246198;  1.104656; -3.467054;,
		 0.247790;  1.116438; -3.537217;,
		 0.346302;  1.125009; -3.533541;,
		 0.344709;  1.113227; -3.463379;,
		 0.344709;  1.113227; -3.463379;,
		 0.346302;  1.125009; -3.533541;,
		 0.442791;  1.103121; -3.535026;,
		 0.441199;  1.091339; -3.464864;,
		 0.441199;  1.091339; -3.464864;,
		 0.442791;  1.103121; -3.535026;,
		 0.527814;  1.052917; -3.541527;,
		 0.526221;  1.041135; -3.471364;,
		 0.526221;  1.041135; -3.471364;,
		 0.527814;  1.052917; -3.541527;,
		 0.593046;  0.979311; -3.552406;,
		 0.591454;  0.967529; -3.482243;,
		 0.591454;  0.967529; -3.482243;,
		 0.593046;  0.979311; -3.552406;,
		 0.632104;  0.889509; -3.566599;,
		 0.630511;  0.877727; -3.496437;,
		 0.630511;  0.877727; -3.496437;,
		 0.632104;  0.889509; -3.566599;,
		 0.641163;  0.792299; -3.582717;,
		 0.639570;  0.780517; -3.512555;,
		 0.008534;  0.823610; -3.519644;,
		 0.010127;  0.835392; -3.589806;,
		 0.031953;  0.930493; -3.573341;,
		 0.030360;  0.918711; -3.503179;,
		 0.080934;  1.002393; -3.487978;,
		 0.324052;  0.802064; -3.516099;,
		 0.030360;  0.918711; -3.503179;,
		 0.155307;  1.066465; -3.475531;,
		 0.324052;  0.802064; -3.516099;,
		 0.080934;  1.002393; -3.487978;,
		 0.246198;  1.104656; -3.467054;,
		 0.324052;  0.802064; -3.516099;,
		 0.155307;  1.066465; -3.475531;,
		 0.344709;  1.113227; -3.463379;,
		 0.324052;  0.802064; -3.516099;,
		 0.246198;  1.104656; -3.467054;,
		 0.441199;  1.091339; -3.464864;,
		 0.324052;  0.802064; -3.516099;,
		 0.344709;  1.113227; -3.463379;,
		 0.526221;  1.041135; -3.471364;,
		 0.324052;  0.802064; -3.516099;,
		 0.441199;  1.091339; -3.464864;,
		 0.591454;  0.967529; -3.482243;,
		 0.324052;  0.802064; -3.516099;,
		 0.526221;  1.041135; -3.471364;,
		 0.630511;  0.877727; -3.496437;,
		 0.324052;  0.802064; -3.516099;,
		 0.591454;  0.967529; -3.482243;,
		 0.639570;  0.780517; -3.512555;,
		 0.324052;  0.802064; -3.516099;,
		 0.630511;  0.877727; -3.496437;,
		 0.030360;  0.918711; -3.503179;,
		 0.324052;  0.802064; -3.516099;,
		 0.008534;  0.823610; -3.519644;,
		 0.010127;  0.835392; -3.589806;,
		 0.023951;  0.836713; -3.603017;,
		 0.044841;  0.927738; -3.587258;,
		 0.031953;  0.930493; -3.573341;,
		 0.093249;  1.007834; -3.572709;,
		 0.082527;  1.014174; -3.558141;,
		 0.031953;  0.930493; -3.573341;,
		 0.044841;  0.927738; -3.587258;,
		 0.164434;  1.069160; -3.560795;,
		 0.156900;  1.078247; -3.545693;,
		 0.082527;  1.014174; -3.558141;,
		 0.093249;  1.007834; -3.572709;,
		 0.251430;  1.105715; -3.552681;,
		 0.247790;  1.116438; -3.537217;,
		 0.156900;  1.078247; -3.545693;,
		 0.164434;  1.069160; -3.560795;,
		 0.345720;  1.113919; -3.549163;,
		 0.346302;  1.125009; -3.533541;,
		 0.247790;  1.116438; -3.537217;,
		 0.251430;  1.105715; -3.552681;,
		 0.438075;  1.092969; -3.550585;,
		 0.442791;  1.103121; -3.535026;,
		 0.346302;  1.125009; -3.533541;,
		 0.345720;  1.113919; -3.549163;,
		 0.519454;  1.044916; -3.556806;,
		 0.527814;  1.052917; -3.541527;,
		 0.442791;  1.103121; -3.535026;,
		 0.438075;  1.092969; -3.550585;,
		 0.581891;  0.974465; -3.567219;,
		 0.593046;  0.979311; -3.552406;,
		 0.527814;  1.052917; -3.541527;,
		 0.519454;  1.044916; -3.556806;,
		 0.619275;  0.888510; -3.580805;,
		 0.632104;  0.889509; -3.566599;,
		 0.593046;  0.979311; -3.552406;,
		 0.581891;  0.974465; -3.567219;,
		 0.627946;  0.795467; -3.596232;,
		 0.641163;  0.792299; -3.582717;,
		 0.632104;  0.889509; -3.566599;,
		 0.619275;  0.888510; -3.580805;,
		 0.088869;  0.911312; -3.595186;,
		 0.044841;  0.927738; -3.587258;,
		 0.023951;  0.836713; -3.603017;,
		 0.071241;  0.834500; -3.608484;,
		 0.129718;  0.978902; -3.582908;,
		 0.093249;  1.007834; -3.572709;,
		 0.044841;  0.927738; -3.587258;,
		 0.088869;  0.911312; -3.595186;,
		 0.189789;  1.030653; -3.572854;,
		 0.164434;  1.069160; -3.560795;,
		 0.093249;  1.007834; -3.572709;,
		 0.129718;  0.978902; -3.582908;,
		 0.263201;  1.061500; -3.566008;,
		 0.251430;  1.105715; -3.552681;,
		 0.164434;  1.069160; -3.560795;,
		 0.189789;  1.030653; -3.572854;,
		 0.342769;  1.068423; -3.563039;,
		 0.345720;  1.113919; -3.549163;,
		 0.251430;  1.105715; -3.552681;,
		 0.263201;  1.061500; -3.566008;,
		 0.420703;  1.050744; -3.564238;,
		 0.438075;  1.092969; -3.550585;,
		 0.345720;  1.113919; -3.549163;,
		 0.342769;  1.068423; -3.563039;,
		 0.489376;  1.010195; -3.569489;,
		 0.519454;  1.044916; -3.556806;,
		 0.438075;  1.092969; -3.550585;,
		 0.420703;  1.050744; -3.564238;,
		 0.542065;  0.950743; -3.578276;,
		 0.581891;  0.974465; -3.567219;,
		 0.519454;  1.044916; -3.556806;,
		 0.489376;  1.010195; -3.569489;,
		 0.573611;  0.878210; -3.589740;,
		 0.619275;  0.888510; -3.580805;,
		 0.581891;  0.974465; -3.567219;,
		 0.542065;  0.950743; -3.578276;,
		 0.580928;  0.799694; -3.602758;,
		 0.627946;  0.795467; -3.596232;,
		 0.619275;  0.888510; -3.580805;,
		 0.573611;  0.878210; -3.589740;,
		 0.088869;  0.911312; -3.595186;,
		 0.326159;  0.817648; -3.608905;,
		 0.129718;  0.978902; -3.582908;,
		 0.129718;  0.978902; -3.582908;,
		 0.326159;  0.817648; -3.608905;,
		 0.189789;  1.030653; -3.572854;,
		 0.189789;  1.030653; -3.572854;,
		 0.326159;  0.817648; -3.608905;,
		 0.263201;  1.061500; -3.566008;,
		 0.263201;  1.061500; -3.566008;,
		 0.326159;  0.817648; -3.608905;,
		 0.342769;  1.068423; -3.563039;,
		 0.342769;  1.068423; -3.563039;,
		 0.326159;  0.817648; -3.608905;,
		 0.420703;  1.050744; -3.564238;,
		 0.420703;  1.050744; -3.564238;,
		 0.326159;  0.817648; -3.608905;,
		 0.489376;  1.010195; -3.569489;,
		 0.489376;  1.010195; -3.569489;,
		 0.326159;  0.817648; -3.608905;,
		 0.542065;  0.950743; -3.578276;,
		 0.542065;  0.950743; -3.578276;,
		 0.326159;  0.817648; -3.608905;,
		 0.573611;  0.878210; -3.589740;,
		 0.573611;  0.878210; -3.589740;,
		 0.326159;  0.817648; -3.608905;,
		 0.580928;  0.799694; -3.602758;,
		 0.071241;  0.834500; -3.608484;,
		 0.326159;  0.817648; -3.608905;,
		 0.088869;  0.911312; -3.595186;,
		 0.639570;  0.780517; -3.512555;,
		 0.580928;  0.799694; -3.602758;,
		 0.326159;  0.817648; -3.608905;,
		 0.324052;  0.802064; -3.516099;,
		 0.324052;  0.802064; -3.516099;,
		 0.326159;  0.817648; -3.608905;,
		 0.071241;  0.834500; -3.608484;,
		 0.008534;  0.823610; -3.519644;,
		 0.641163;  0.792299; -3.582717;,
		 0.627946;  0.795467; -3.596232;,
		 0.580928;  0.799694; -3.602758;,
		 0.639570;  0.780517; -3.512555;,
		 0.010127;  0.835392; -3.589806;,
		 0.008534;  0.823610; -3.519644;,
		 0.071241;  0.834500; -3.608484;,
		 0.023951;  0.836713; -3.603017;,
		 0.567170;  0.601735; -3.544220;,
		 0.568763;  0.613517; -3.614383;,
		 0.494390;  0.549445; -3.626830;,
		 0.492798;  0.537663; -3.556668;,
		 0.492798;  0.537663; -3.556668;,
		 0.494390;  0.549445; -3.626830;,
		 0.403499;  0.511254; -3.635307;,
		 0.401906;  0.499472; -3.565144;,
		 0.401906;  0.499472; -3.565144;,
		 0.403499;  0.511254; -3.635307;,
		 0.304988;  0.502683; -3.638982;,
		 0.303395;  0.490901; -3.568820;,
		 0.303395;  0.490901; -3.568820;,
		 0.304988;  0.502683; -3.638982;,
		 0.208499;  0.524570; -3.637497;,
		 0.206906;  0.512788; -3.567335;,
		 0.206906;  0.512788; -3.567335;,
		 0.208499;  0.524570; -3.637497;,
		 0.123476;  0.574774; -3.630997;,
		 0.121883;  0.562993; -3.560834;,
		 0.121883;  0.562993; -3.560834;,
		 0.123476;  0.574774; -3.630997;,
		 0.058244;  0.648380; -3.620118;,
		 0.056651;  0.636598; -3.549955;,
		 0.056651;  0.636598; -3.549955;,
		 0.058244;  0.648380; -3.620118;,
		 0.020036;  0.736228; -3.606234;,
		 0.018443;  0.724446; -3.536071;,
		 0.567170;  0.601735; -3.544220;,
		 0.317544;  0.704021; -3.532711;,
		 0.616644;  0.683595; -3.529351;,
		 0.492798;  0.537663; -3.556668;,
		 0.317544;  0.704021; -3.532711;,
		 0.567170;  0.601735; -3.544220;,
		 0.401906;  0.499472; -3.565144;,
		 0.317544;  0.704021; -3.532711;,
		 0.492798;  0.537663; -3.556668;,
		 0.303395;  0.490901; -3.568820;,
		 0.317544;  0.704021; -3.532711;,
		 0.401906;  0.499472; -3.565144;,
		 0.206906;  0.512788; -3.567335;,
		 0.317544;  0.704021; -3.532711;,
		 0.303395;  0.490901; -3.568820;,
		 0.121883;  0.562993; -3.560834;,
		 0.317544;  0.704021; -3.532711;,
		 0.206906;  0.512788; -3.567335;,
		 0.056651;  0.636598; -3.549955;,
		 0.317544;  0.704021; -3.532711;,
		 0.121883;  0.562993; -3.560834;,
		 0.558648;  0.624346; -3.626540;,
		 0.568763;  0.613517; -3.614383;,
		 0.618236;  0.695377; -3.599513;,
		 0.603552;  0.698645; -3.613044;,
		 0.487462;  0.563019; -3.638454;,
		 0.494390;  0.549445; -3.626830;,
		 0.568763;  0.613517; -3.614383;,
		 0.558648;  0.624346; -3.626540;,
		 0.400467;  0.526465; -3.646568;,
		 0.403499;  0.511254; -3.635307;,
		 0.494390;  0.549445; -3.626830;,
		 0.487462;  0.563019; -3.638454;,
		 0.306177;  0.518261; -3.650086;,
		 0.304988;  0.502683; -3.638982;,
		 0.403499;  0.511254; -3.635307;,
		 0.400467;  0.526465; -3.646568;,
		 0.213822;  0.539211; -3.648664;,
		 0.208499;  0.524570; -3.637497;,
		 0.304988;  0.502683; -3.638982;,
		 0.306177;  0.518261; -3.650086;,
		 0.132443;  0.587263; -3.642443;,
		 0.123476;  0.574774; -3.630997;,
		 0.208499;  0.524570; -3.637497;,
		 0.213822;  0.539211; -3.648664;,
		 0.070006;  0.657715; -3.632030;,
		 0.058244;  0.648380; -3.620118;,
		 0.123476;  0.574774; -3.630997;,
		 0.132443;  0.587263; -3.642443;,
		 0.522451;  0.655291; -3.628334;,
		 0.558648;  0.624346; -3.626540;,
		 0.603552;  0.698645; -3.613044;,
		 0.551418;  0.703221; -3.619628;,
		 0.462380;  0.603540; -3.638388;,
		 0.487462;  0.563019; -3.638454;,
		 0.558648;  0.624346; -3.626540;,
		 0.522451;  0.655291; -3.628334;,
		 0.388968;  0.572693; -3.645235;,
		 0.400467;  0.526465; -3.646568;,
		 0.487462;  0.563019; -3.638454;,
		 0.462380;  0.603540; -3.638388;,
		 0.309400;  0.565771; -3.648204;,
		 0.306177;  0.518261; -3.650086;,
		 0.400467;  0.526465; -3.646568;,
		 0.388968;  0.572693; -3.645235;,
		 0.231466;  0.583449; -3.647004;,
		 0.213822;  0.539211; -3.648664;,
		 0.306177;  0.518261; -3.650086;,
		 0.309400;  0.565771; -3.648204;,
		 0.162793;  0.623999; -3.641754;,
		 0.132443;  0.587263; -3.642443;,
		 0.213822;  0.539211; -3.648664;,
		 0.231466;  0.583449; -3.647004;,
		 0.110104;  0.683450; -3.632967;,
		 0.070006;  0.657715; -3.632030;,
		 0.132443;  0.587263; -3.642443;,
		 0.162793;  0.623999; -3.641754;,
		 0.522451;  0.655291; -3.628334;,
		 0.319621;  0.719390; -3.624236;,
		 0.462380;  0.603540; -3.638388;,
		 0.462380;  0.603540; -3.638388;,
		 0.319621;  0.719390; -3.624236;,
		 0.388968;  0.572693; -3.645235;,
		 0.388968;  0.572693; -3.645235;,
		 0.319621;  0.719390; -3.624236;,
		 0.309400;  0.565771; -3.648204;,
		 0.309400;  0.565771; -3.648204;,
		 0.319621;  0.719390; -3.624236;,
		 0.231466;  0.583449; -3.647004;,
		 0.231466;  0.583449; -3.647004;,
		 0.319621;  0.719390; -3.624236;,
		 0.162793;  0.623999; -3.641754;,
		 0.162793;  0.623999; -3.641754;,
		 0.319621;  0.719390; -3.624236;,
		 0.110104;  0.683450; -3.632967;,
		 0.110104;  0.683450; -3.632967;,
		 0.319621;  0.719390; -3.624236;,
		 0.087734;  0.734886; -3.624837;,
		 0.618236;  0.695377; -3.599513;,
		 0.568763;  0.613517; -3.614383;,
		 0.567170;  0.601735; -3.544220;,
		 0.616644;  0.683595; -3.529351;,
		 0.317544;  0.704021; -3.532711;,
		 0.056651;  0.636598; -3.549955;,
		 0.018443;  0.724446; -3.536071;,
		 0.020036;  0.736228; -3.606234;,
		 0.058244;  0.648380; -3.620118;,
		 0.070006;  0.657715; -3.632030;,
		 0.035328;  0.737448; -3.619428;,
		 0.035328;  0.737448; -3.619428;,
		 0.070006;  0.657715; -3.632030;,
		 0.110104;  0.683450; -3.632967;,
		 0.087734;  0.734886; -3.624837;,
		 0.319621;  0.719390; -3.624236;,
