xof 0303txt 0032

AnimTicksPerSecond {
	24;
}
Material blinn1 {
	 1.000000; 1.000000; 1.000000; 1.000000;;
	 128.000000;
	 0.500000; 0.500000; 0.500000;;
	 0.000000; 0.000000; 0.000000;;
	TextureFileName {".\\Flag_D.dds";}
}
Frame Root {
	FrameTransformMatrix {
		0.000000,0.000000,1.000000,0.000000,0.000000,1.000000,-0.000000,0.000000,-1.000000,-0.000000,0.000000,0.000000,-2.000000,0.000000,8.000000,1.000000;;
	}
	Frame Flag01 {
		FrameTransformMatrix {
			-0.307356,-0.467716,-0.828718,0.000000,0.016613,-0.873378,0.486760,0.000000,-0.951449,0.135841,0.276208,0.000000,1.128099,32.099739,0.004703,1.000000;;
		}
	}
	Frame Flag02 {
		FrameTransformMatrix {
			-0.200534,-0.539436,-0.817799,0.000000,0.084108,-0.841153,0.534217,0.000000,-0.976070,0.038345,0.214051,0.000000,2.954887,31.791416,-0.697582,1.000000;;
		}
	}
	Frame Flag03 {
		FrameTransformMatrix {
			-0.130122,-0.207414,-0.969561,0.000000,0.122845,-0.973712,0.191816,0.000000,-0.983858,-0.094147,0.152181,0.000000,4.875894,32.089001,-0.342849,1.000000;;
		}
	}
	Frame Flag04 {
		FrameTransformMatrix {
			-0.547878,-0.155642,-0.821952,0.000000,0.135028,-0.986110,0.096723,0.000000,-0.825589,-0.057995,0.561284,0.000000,6.415812,32.181179,-1.579173,1.000000;;
		}
	}
	Frame Flag05 {
		FrameTransformMatrix {
			0.635628,0.507075,-0.582110,0.000000,0.267095,-0.851913,-0.450449,0.000000,-0.724319,0.130839,-0.676937,0.000000,8.122013,32.312412,-1.296891,1.000000;;
		}
	}
	Frame Flag06 {
		FrameTransformMatrix {
			0.424410,0.691424,0.584645,0.000000,0.890023,-0.199795,-0.409807,0.000000,-0.166541,0.694273,-0.700178,0.000000,8.566348,31.320347,0.372323,1.000000;;
		}
	}
	Frame Flag07 {
		FrameTransformMatrix {
			0.069656,0.341480,0.937304,0.000000,0.997300,-0.001930,-0.073412,0.000000,-0.023260,0.939887,-0.340693,0.000000,8.610762,29.467091,1.123798,1.000000;;
		}
	}
	Frame Flag08 {
		FrameTransformMatrix {
			-0.101078,-0.017600,-0.994723,0.000000,-0.009338,-0.999783,0.018638,0.000000,-0.994835,0.011173,0.100892,0.000000,1.127797,30.502771,0.391545,1.000000;;
		}
	}
	Frame Flag10 {
		FrameTransformMatrix {
			-0.332133,-0.095945,-0.938340,0.000000,0.056457,-0.995052,0.081761,0.000000,-0.941542,-0.025820,0.335906,0.000000,5.078088,30.509598,-0.199388,1.000000;;
		}
	}
	Frame Flag11 {
		FrameTransformMatrix {
			-0.583375,-0.083676,-0.807881,0.000000,0.101769,-0.994370,0.029504,0.000000,-0.805802,-0.065006,0.588607,0.000000,6.652805,30.622698,-1.422598,1.000000;;
		}
	}
	Frame Flag12 {
		FrameTransformMatrix {
			0.427102,0.129118,-0.894937,0.000000,0.127801,-0.988436,-0.081615,0.000000,-0.895126,-0.079516,-0.438665,0.000000,8.493895,30.814358,-1.753484,1.000000;;
		}
	}
	Frame Flag13 {
		FrameTransformMatrix {
			0.653793,0.750736,-0.094604,0.000000,0.622664,-0.604821,-0.496468,0.000000,-0.429935,0.265681,-0.862884,0.000000,9.920366,30.855373,-0.333004,1.000000;;
		}
	}
	Frame Flag14 {
		FrameTransformMatrix {
			0.296739,0.557617,0.775248,0.000000,0.949795,-0.088028,-0.300234,0.000000,-0.099172,0.825418,-0.555743,0.000000,10.215837,29.486120,1.039297,1.000000;;
		}
	}
	Frame Flag15 {
		FrameTransformMatrix {
			-0.167097,0.140055,-0.975942,0.000000,0.001450,-0.989823,-0.142296,0.000000,-0.985939,-0.025193,0.165193,0.000000,1.122747,28.886801,0.235469,1.000000;;
		}
	}
	Frame Flag16 {
		FrameTransformMatrix {
			-0.080033,0.237379,-0.968115,0.000000,-0.016598,-0.971413,-0.236815,0.000000,-0.996654,-0.002884,0.081685,0.000000,3.091829,28.922209,-0.080131,1.000000;;
		}
	}
	Frame Flag17 {
		FrameTransformMatrix {
			-0.366541,0.150000,-0.918231,0.000000,-0.008964,-0.987442,-0.157728,0.000000,-0.930359,-0.049583,0.363283,0.000000,5.069718,28.937958,-0.351649,1.000000;;
		}
	}
	Frame Flag18 {
		FrameTransformMatrix {
			-0.503653,-0.027506,-0.863468,0.000000,0.064303,-0.997914,-0.005719,0.000000,-0.861510,-0.058404,0.504371,0.000000,6.782585,29.050961,-1.408191,1.000000;;
		}
	}
	Frame Flag19 {
		FrameTransformMatrix {
			0.332994,0.058455,-0.941115,0.000000,0.131444,-0.991209,-0.015057,0.000000,-0.933722,-0.118690,-0.337751,0.000000,8.630663,29.221624,-1.660497,1.000000;;
		}
	}
	Frame Flag20 {
		FrameTransformMatrix {
			0.383863,0.333913,-0.860901,0.000000,0.232976,-0.937187,-0.259621,0.000000,-0.893516,-0.100910,-0.437545,0.000000,10.440026,29.476099,-0.921745,1.000000;;
		}
	}
	Frame Flag21 {
		FrameTransformMatrix {
			0.649053,0.759084,-0.050229,0.000000,0.623661,-0.568744,-0.536262,0.000000,-0.435635,0.316736,-0.842556,0.000000,11.709663,29.252018,0.473633,1.000000;;
		}
	}
	Frame Flag22 {
		FrameTransformMatrix {
			-0.118904,0.213091,-0.969770,0.000000,-0.004104,-0.976796,-0.214132,0.000000,-0.992897,-0.021481,0.117019,0.000000,1.100619,27.304605,-0.133798,1.000000;;
		}
	}
	Frame Flag23 {
		FrameTransformMatrix {
			-0.129416,0.163591,-0.978003,0.000000,-0.001858,-0.986335,-0.164739,0.000000,-0.991589,-0.019502,0.127951,0.000000,3.063228,27.345963,-0.403211,1.000000;;
		}
	}
	Frame Flag24 {
		FrameTransformMatrix {
			-0.249588,0.120626,-0.960810,0.000000,0.001962,-0.992146,-0.125070,0.000000,-0.968350,-0.033101,0.247391,0.000000,5.022507,27.384830,-0.664337,1.000000;;
		}
	}
	Frame Flag25 {
		FrameTransformMatrix {
			-0.237749,-0.229217,-0.943893,0.000000,0.113388,-0.971663,0.207400,0.000000,-0.964686,-0.057717,0.257003,0.000000,6.904634,27.485537,-1.287732,1.000000;;
		}
	}
	Frame Flag26 {
		FrameTransformMatrix {
			0.041716,-0.197470,-0.979421,0.000000,0.117693,-0.972478,0.201083,0.000000,-0.992173,-0.123659,-0.017327,0.000000,8.846664,27.638527,-1.624704,1.000000;;
		}
	}
	Frame Flag27 {
		FrameTransformMatrix {
			0.313823,0.117978,-0.942123,0.000000,0.181529,-0.981402,-0.062429,0.000000,-0.931967,-0.151431,-0.329403,0.000000,10.774244,27.946100,-1.175182,1.000000;;
		}
	}
	Frame Flag28 {
		FrameTransformMatrix {
			0.447899,0.249012,-0.858708,0.000000,0.190517,-0.964957,-0.180450,0.000000,-0.873550,-0.082775,-0.479644,0.000000,12.581401,28.235844,-0.386333,1.000000;;
		}
	}
	Frame Flag29 {
		FrameTransformMatrix {
			-0.044570,-0.058318,-0.997303,0.000000,0.022904,-0.998092,0.057340,0.000000,-0.998744,-0.020287,0.045820,0.000000,1.108404,25.694790,-0.328951,1.000000;;
		}
	}
	Frame Flag30 {
		FrameTransformMatrix {
			-0.082518,-0.117168,-0.989678,0.000000,0.038154,-0.992708,0.114345,0.000000,-0.995859,-0.028325,0.086387,0.000000,3.088326,25.731247,-0.494671,1.000000;;
		}
	}
	Frame Flag31 {
		FrameTransformMatrix {
			-0.109488,-0.220852,-0.969142,0.000000,0.076213,-0.973999,0.213349,0.000000,-0.991062,-0.050502,0.123473,0.000000,5.088376,25.823004,-0.617174,1.000000;;
		}
	}
	Frame Flag32 {
		FrameTransformMatrix {
			0.000591,-0.304755,-0.952431,0.000000,0.111482,-0.946474,0.302918,0.000000,-0.993766,-0.106358,0.033415,0.000000,7.077527,25.967051,-0.858611,1.000000;;
		}
	}
	Frame Flag33 {
		FrameTransformMatrix {
			-0.170721,-0.366388,-0.914666,0.000000,0.128311,-0.928656,0.348043,0.000000,-0.976929,-0.057944,0.205553,0.000000,9.053392,26.179926,-1.001799,1.000000;;
		}
	}
	Frame Flag34 {
		FrameTransformMatrix {
			0.346670,-0.115384,-0.930863,0.000000,0.118110,-0.979136,0.165354,0.000000,-0.930521,-0.167268,-0.325809,0.000000,10.992714,26.360365,-1.081097,1.000000;;
		}
	}
	Frame Flag35 {
		FrameTransformMatrix {
			0.226241,-0.122527,-0.966334,0.000000,0.096711,-0.984330,0.147451,0.000000,-0.969259,-0.126815,-0.210846,0.000000,12.826997,26.646795,-0.410422,1.000000;;
		}
	}
	Frame Flag36 {
		FrameTransformMatrix {
			0.013724,-0.303246,-0.952813,0.000000,0.055588,-0.951198,0.303533,0.000000,-0.998359,-0.057131,0.003803,0.000000,1.113809,24.110407,-0.000540,1.000000;;
		}
	}
	Frame Flag37 {
		FrameTransformMatrix {
			-0.024779,-0.364142,-0.931014,0.000000,0.056304,-0.930330,0.362376,0.000000,-0.998106,-0.043441,0.043556,0.000000,3.180888,24.221243,-0.031373,1.000000;;
		}
	}
	Frame Flag38 {
		FrameTransformMatrix {
			-0.037983,-0.405401,-0.913350,0.000000,0.081202,-0.912239,0.401531,0.000000,-0.995974,-0.058915,0.067569,0.000000,5.220506,24.367571,-0.078097,1.000000;;
		}
	}
	Frame Flag39 {
		FrameTransformMatrix {
			0.015411,-0.381464,-0.924255,0.000000,0.108623,-0.918255,0.380799,0.000000,-0.993964,-0.106264,0.027285,0.000000,7.244625,24.503052,-0.288064,1.000000;;
		}
	}
	Frame Flag40 {
		FrameTransformMatrix {
			-0.209558,-0.379315,-0.901224,0.000000,0.124362,-0.924544,0.360213,0.000000,-0.969855,-0.036592,0.240918,0.000000,9.244785,24.720213,-0.399891,1.000000;;
		}
	}
	Frame Flag41 {
		FrameTransformMatrix {
			0.286015,-0.166433,-0.943661,0.000000,0.105272,-0.973382,0.203582,0.000000,-0.952425,-0.157568,-0.260881,0.000000,11.171618,24.783726,-0.864856,1.000000;;
		}
	}
	Frame Flag42 {
		FrameTransformMatrix {
			0.179354,-0.121502,-0.976253,0.000000,0.089796,-0.986180,0.139234,0.000000,-0.979678,-0.112636,-0.165965,0.000000,12.975906,25.061895,-0.188651,1.000000;;
		}
	}
	Frame Flag09 {
		FrameTransformMatrix {
			-0.170965,-0.220654,-0.960251,0.000000,-0.013587,-0.973980,0.226228,0.000000,-0.985183,0.051724,0.163518,0.000000,3.121019,30.481438,0.207457,1.000000;;
		}
	}
}
Frame SkinnedFlag1 {
	FrameTransformMatrix {
		1.000000,0.000000,-0.000000,0.000000,0.000000,1.000000,-0.000000,0.000000,-0.000000,-0.000000,1.000000,0.000000,0.000000,0.000000,-0.000000,1.000000;;
	}
	Mesh SkinnedFlag1Shape {
		1312;
		-1.750211;  23.696007;  7.139241;,
		-2.026848;  23.695557;  7.141128;,
		-2.025787; -0.955484;  7.273250;,
		-1.749443; -0.955484;  7.271661;,
		-2.027098;  33.763802;  7.110312;,
		-1.887757;  33.959747;  7.246518;,
		-2.692107;  33.959747;  8.060091;,
		-2.830267;  33.764359;  7.922725;,
		-1.887757;  33.959747;  7.246518;,
		-1.750353;  33.764359;  7.108330;,
		-0.937942;  33.763802;  7.911517;,
		-1.074147;  33.959747;  8.050858;,
		-1.074147;  33.959747;  8.050858;,
		-0.936353;  33.763802;  8.188635;,
		-1.739568;  33.764359;  9.001078;,
		-1.878500;  33.959747;  8.864474;,
		-1.887757;  33.959747;  7.246518;,
		-1.074147;  33.959747;  8.050858;,
		-1.878500;  33.959747;  8.864474;,
		-2.692107;  33.959747;  8.060091;,
		-2.027098;  33.763802;  7.110312;,
		-1.750353;  33.764359;  7.108330;,
		-1.887757;  33.959747;  7.246518;,
		-1.074147;  33.959747;  8.050858;,
		-0.937942;  33.763802;  7.911517;,
		-0.936353;  33.763802;  8.188635;,
		-2.830267;  33.764359;  7.922725;,
		-2.692107;  33.959747;  8.060091;,
		-2.828689;  33.764359;  8.199047;,
		-2.015884;  33.764359;  9.002636;,
		-1.878500;  33.959747;  8.864474;,
		-1.739568;  33.764359;  9.001078;,
		-0.810327;  23.783306;  7.845086;,
		-0.807978;  23.783306;  8.253614;,
		-0.884138;  23.971497;  8.239201;,
		-0.886311;  23.971497;  7.860392;,
		-0.886311;  23.971497;  7.860392;,
		-1.699809;  23.971809;  7.056211;,
		-1.685432;  23.783613;  6.980061;,
		-0.810327;  23.783306;  7.845086;,
		-2.093614;  23.783306;  6.982681;,
		-1.685432;  23.783613;  6.980061;,
		-1.699809;  23.971809;  7.056211;,
		-2.078346;  23.971497;  7.058657;,
		-2.882422;  23.971806;  7.872061;,
		-2.958588;  23.783611;  7.857683;,
		-2.093614;  23.783306;  6.982681;,
		-2.078346;  23.971497;  7.058657;,
		-2.956232;  23.783611;  8.265571;,
		-2.958588;  23.783611;  7.857683;,
		-2.882422;  23.971806;  7.872061;,
		-2.880233;  23.971806;  8.250299;,
		-2.066537;  23.971809;  9.054776;,
		-2.080942;  23.783611;  9.130922;,
		-2.956232;  23.783611;  8.265571;,
		-2.880233;  23.971806;  8.250299;,
		-1.673048;  23.783611;  9.128596;,
		-2.080942;  23.783611;  9.130922;,
		-2.066537;  23.971809;  9.054776;,
		-1.688315;  23.971809;  9.052604;,
		-0.884138;  23.971497;  8.239201;,
		-0.807978;  23.783306;  8.253614;,
		-1.673048;  23.783611;  9.128596;,
		-1.688315;  23.971809;  9.052604;,
		-0.936353;  33.763802;  8.188635;,
		-0.937942;  33.763802;  7.911517;,
		-0.959299;  32.235138;  7.911708;,
		-0.957706;  32.235138;  8.188714;,
		-1.750353;  33.764359;  7.108330;,
		-1.750227;  32.235626;  7.129727;,
		-0.959299;  32.235138;  7.911708;,
		-0.937942;  33.763802;  7.911517;,
		-1.750353;  33.764359;  7.108330;,
		-2.027098;  33.763802;  7.110312;,
		-2.026910;  32.235138;  7.131645;,
		-1.750227;  32.235626;  7.129727;,
		-2.830267;  33.764359;  7.922725;,
		-2.808891;  32.235626;  7.922608;,
		-2.026910;  32.235138;  7.131645;,
		-2.027098;  33.763802;  7.110312;,
		-2.830267;  33.764359;  7.922725;,
		-2.828689;  33.764359;  8.199047;,
		-2.807309;  32.235626;  8.198938;,
		-2.808891;  32.235626;  7.922608;,
		-2.828689;  33.764359;  8.199047;,
		-2.015884;  33.764359;  9.002636;,
		-2.016009;  32.235626;  8.981238;,
		-2.807309;  32.235626;  8.198938;,
		-2.015884;  33.764359;  9.002636;,
		-1.739568;  33.764359;  9.001078;,
		-1.739681;  32.235626;  8.979673;,
		-2.016009;  32.235626;  8.981238;,
		-0.936353;  33.763802;  8.188635;,
		-0.957706;  32.235138;  8.188714;,
		-1.739681;  32.235626;  8.979673;,
		-1.739568;  33.764359;  9.001078;,
		-0.968777;  23.695557;  7.911760;,
		-0.967195;  23.695557;  8.188762;,
		-0.807978;  23.783306;  8.253614;,
		-0.810327;  23.783306;  7.845086;,
		-0.962780;  24.249825;  8.188743;,
		-0.964345;  24.249825;  7.911724;,
		-0.805923;  24.159687;  7.845064;,
		-0.803576;  24.159687;  8.253620;,
		-1.750211;  23.696007;  7.139241;,
		-0.968777;  23.695557;  7.911760;,
		-0.810327;  23.783306;  7.845086;,
		-1.685432;  23.783613;  6.980061;,
		-0.964345;  24.249825;  7.911724;,
		-1.750212;  24.250290;  7.134809;,
		-1.685437;  24.160004;  6.975604;,
		-0.805923;  24.159687;  7.845064;,
		-2.026848;  23.695557;  7.141128;,
		-1.750211;  23.696007;  7.139241;,
		-1.685432;  23.783613;  6.980061;,
		-2.093614;  23.783306;  6.982681;,
		-1.750212;  24.250290;  7.134809;,
		-2.026877;  24.249825;  7.136726;,
		-2.093664;  24.159687;  6.978272;,
		-1.685437;  24.160004;  6.975604;,
		-2.799398;  23.696007;  7.922533;,
		-2.026848;  23.695557;  7.141128;,
		-2.093614;  23.783306;  6.982681;,
		-2.958588;  23.783611;  7.857683;,
		-2.026877;  24.249825;  7.136726;,
		-2.803831;  24.250290;  7.922586;,
		-2.962993;  24.160000;  7.857689;,
		-2.093664;  24.159687;  6.978272;,
		-2.797792;  23.696007;  8.198876;,
		-2.799398;  23.696007;  7.922533;,
		-2.958588;  23.783611;  7.857683;,
		-2.956232;  23.783611;  8.265571;,
		-2.803831;  24.250290;  7.922586;,
		-2.802245;  24.250290;  8.198905;,
		-2.960678;  24.160004;  8.265596;,
		-2.962993;  24.160000;  7.857689;,
		-2.016051;  23.696007;  8.971745;,
		-2.797792;  23.696007;  8.198876;,
		-2.956232;  23.783611;  8.265571;,
		-2.080942;  23.783611;  9.130922;,
		-2.802245;  24.250290;  8.198905;,
		-2.016026;  24.250290;  8.976157;,
		-2.080923;  24.160004;  9.135337;,
		-2.960678;  24.160004;  8.265596;,
		-1.739746;  23.696007;  8.970167;,
		-2.016051;  23.696007;  8.971745;,
		-2.080942;  23.783611;  9.130922;,
		-1.673048;  23.783611;  9.128596;,
		-2.016026;  24.250290;  8.976157;,
		-1.739703;  24.250290;  8.974596;,
		-1.673008;  24.160004;  9.133018;,
		-2.080923;  24.160004;  9.135337;,
		-0.967195;  23.695557;  8.188762;,
		-1.739746;  23.696007;  8.970167;,
		-1.673048;  23.783611;  9.128596;,
		-0.807978;  23.783306;  8.253614;,
		-1.739703;  24.250290;  8.974596;,
		-0.962780;  24.249825;  8.188743;,
		-0.803576;  24.159687;  8.253620;,
		-1.673008;  24.160004;  9.133018;,
		-2.078346;  23.971497;  7.058657;,
		-1.699809;  23.971809;  7.056211;,
		-1.685437;  24.160004;  6.975604;,
		-2.093664;  24.159687;  6.978272;,
		-2.962993;  24.160000;  7.857689;,
		-2.882422;  23.971806;  7.872061;,
		-2.078346;  23.971497;  7.058657;,
		-2.093664;  24.159687;  6.978272;,
		-2.880233;  23.971806;  8.250299;,
		-2.882422;  23.971806;  7.872061;,
		-2.962993;  24.160000;  7.857689;,
		-2.960678;  24.160004;  8.265596;,
		-2.080923;  24.160004;  9.135337;,
		-2.066537;  23.971809;  9.054776;,
		-2.880233;  23.971806;  8.250299;,
		-2.960678;  24.160004;  8.265596;,
		-1.688315;  23.971809;  9.052604;,
		-2.066537;  23.971809;  9.054776;,
		-2.080923;  24.160004;  9.135337;,
		-1.673008;  24.160004;  9.133018;,
		-0.803576;  24.159687;  8.253620;,
		-0.884138;  23.971497;  8.239201;,
		-1.688315;  23.971809;  9.052604;,
		-1.673008;  24.160004;  9.133018;,
		-0.886311;  23.971497;  7.860392;,
		-0.884138;  23.971497;  8.239201;,
		-0.803576;  24.159687;  8.253620;,
		-0.805923;  24.159687;  7.845064;,
		-1.685437;  24.160004;  6.975604;,
		-1.699809;  23.971809;  7.056211;,
		-0.886311;  23.971497;  7.860392;,
		-0.805923;  24.159687;  7.845064;,
		-0.959917;  31.956549;  8.188716;,
		-0.961506;  31.956549;  7.911718;,
		-0.964345;  24.249825;  7.911724;,
		-0.962780;  24.249825;  8.188743;,
		-1.739700;  31.957027;  8.977446;,
		-0.959917;  31.956549;  8.188716;,
		-0.962780;  24.249825;  8.188743;,
		-1.739703;  24.250290;  8.974596;,
		-2.016018;  31.957026;  8.978996;,
		-1.739700;  31.957027;  8.977446;,
		-1.739703;  24.250290;  8.974596;,
		-2.016026;  24.250290;  8.976157;,
		-2.805068;  31.957027;  8.198912;,
		-2.016018;  31.957026;  8.978996;,
		-2.016026;  24.250290;  8.976157;,
		-2.802245;  24.250290;  8.198905;,
		-2.806670;  31.957026;  7.922592;,
		-2.805068;  31.957027;  8.198912;,
		-2.802245;  24.250290;  8.198905;,
		-2.803831;  24.250290;  7.922586;,
		-2.026901;  31.956549;  7.133853;,
		-2.806670;  31.957026;  7.922592;,
		-2.803831;  24.250290;  7.922586;,
		-2.026877;  24.249825;  7.136726;,
		-1.750238;  31.957026;  7.131963;,
		-2.026901;  31.956549;  7.133853;,
		-2.026877;  24.249825;  7.136726;,
		-1.750212;  24.250290;  7.134809;,
		-0.961506;  31.956549;  7.911718;,
		-1.750238;  31.957026;  7.131963;,
		-1.750212;  24.250290;  7.134809;,
		-0.964345;  24.249825;  7.911724;,
		-0.807131;  32.158928;  8.250074;,
		-0.809410;  32.158928;  7.848615;,
		-0.811631;  32.030624;  7.848632;,
		-0.809342;  32.030624;  8.250093;,
		-1.676601;  32.159153;  9.129534;,
		-0.807131;  32.158928;  8.250074;,
		-0.809342;  32.030624;  8.250093;,
		-1.676614;  32.030846;  9.127319;,
		-2.077387;  32.159153;  9.131796;,
		-1.676601;  32.159153;  9.129534;,
		-1.676614;  32.030846;  9.127319;,
		-2.077389;  32.030842;  9.129585;,
		-2.957174;  32.159149;  8.262011;,
		-2.077387;  32.159153;  9.131796;,
		-2.077389;  32.030842;  9.129585;,
		-2.954938;  32.030842;  8.262005;,
		-2.959469;  32.159149;  7.861241;,
		-2.957174;  32.159149;  8.262011;,
		-2.954938;  32.030842;  8.262005;,
		-2.957242;  32.030838;  7.861239;,
		-2.090088;  32.158928;  6.981774;,
		-2.959469;  32.159149;  7.861241;,
		-2.957242;  32.030838;  7.861239;,
		-2.090068;  32.030621;  6.984002;,
		-1.688972;  32.159149;  6.979145;,
		-2.090088;  32.158928;  6.981774;,
		-2.090068;  32.030621;  6.984002;,
		-1.688970;  32.030842;  6.981373;,
		-0.809410;  32.158928;  7.848615;,
		-1.688972;  32.159149;  6.979145;,
		-1.688970;  32.030842;  6.981373;,
		-0.811631;  32.030624;  7.848632;,
		-0.957706;  32.235138;  8.188714;,
		-0.959299;  32.235138;  7.911708;,
		-0.809410;  32.158928;  7.848615;,
		-0.807131;  32.158928;  8.250074;,
		-0.961506;  31.956549;  7.911718;,
		-0.959917;  31.956549;  8.188716;,
		-0.809342;  32.030624;  8.250093;,
		-0.811631;  32.030624;  7.848632;,
		-1.739681;  32.235626;  8.979673;,
		-0.957706;  32.235138;  8.188714;,
		-0.807131;  32.158928;  8.250074;,
		-1.676601;  32.159153;  9.129534;,
		-0.959917;  31.956549;  8.188716;,
		-1.739700;  31.957027;  8.977446;,
		-1.676614;  32.030846;  9.127319;,
		-0.809342;  32.030624;  8.250093;,
		-2.016009;  32.235626;  8.981238;,
		-1.739681;  32.235626;  8.979673;,
		-1.676601;  32.159153;  9.129534;,
		-2.077387;  32.159153;  9.131796;,
		-1.739700;  31.957027;  8.977446;,
		-2.016018;  31.957026;  8.978996;,
		-2.077389;  32.030842;  9.129585;,
		-1.676614;  32.030846;  9.127319;,
		-2.807309;  32.235626;  8.198938;,
		-2.016009;  32.235626;  8.981238;,
		-2.077387;  32.159153;  9.131796;,
		-2.957174;  32.159149;  8.262011;,
		-2.016018;  31.957026;  8.978996;,
		-2.805068;  31.957027;  8.198912;,
		-2.954938;  32.030842;  8.262005;,
		-2.077389;  32.030842;  9.129585;,
		-2.808891;  32.235626;  7.922608;,
		-2.807309;  32.235626;  8.198938;,
		-2.957174;  32.159149;  8.262011;,
		-2.959469;  32.159149;  7.861241;,
		-2.805068;  31.957027;  8.198912;,
		-2.806670;  31.957026;  7.922592;,
		-2.957242;  32.030838;  7.861239;,
		-2.954938;  32.030842;  8.262005;,
		-2.026910;  32.235138;  7.131645;,
		-2.808891;  32.235626;  7.922608;,
		-2.959469;  32.159149;  7.861241;,
		-2.090088;  32.158928;  6.981774;,
		-2.806670;  31.957026;  7.922592;,
		-2.026901;  31.956549;  7.133853;,
		-2.090068;  32.030621;  6.984002;,
		-2.957242;  32.030838;  7.861239;,
		-1.750227;  32.235626;  7.129727;,
		-2.026910;  32.235138;  7.131645;,
		-2.090088;  32.158928;  6.981774;,
		-1.688972;  32.159149;  6.979145;,
		-2.026901;  31.956549;  7.133853;,
		-1.750238;  31.957026;  7.131963;,
		-1.688970;  32.030842;  6.981373;,
		-2.090068;  32.030621;  6.984002;,
		-0.959299;  32.235138;  7.911708;,
		-1.750227;  32.235626;  7.129727;,
		-1.688972;  32.159149;  6.979145;,
		-0.809410;  32.158928;  7.848615;,
		-1.750238;  31.957026;  7.131963;,
		-0.961506;  31.956549;  7.911718;,
		-0.811631;  32.030624;  7.848632;,
		-1.688970;  32.030842;  6.981373;,
		-2.797792;  23.696007;  8.198876;,
		-2.016051;  23.696007;  8.971745;,
		-2.016831; -0.955484;  8.839314;,
		-2.665376; -0.955484;  8.198137;,
		-1.739746;  23.696007;  8.970167;,
		-0.967195;  23.695557;  8.188762;,
		-1.099307; -0.955484;  8.189172;,
		-1.740501; -0.955484;  8.837699;,
		-2.799398;  23.696007;  7.922533;,
		-2.666965; -0.955484;  7.921794;,
		-2.025787; -0.955484;  7.273250;,
		-2.026848;  23.695557;  7.141128;,
		-0.967195;  23.695557;  8.188762;,
		-0.968777;  23.695557;  7.911760;,
		-1.100896; -0.955484;  7.912828;,
		-1.099307; -0.955484;  8.189172;,
		-2.799398;  23.696007;  7.922533;,
		-2.797792;  23.696007;  8.198876;,
		-2.665376; -0.955484;  8.198137;,
		-2.666965; -0.955484;  7.921794;,
		-2.828689;  33.764359;  8.199047;,
		-2.692107;  33.959747;  8.060091;,
		-1.878500;  33.959747;  8.864474;,
		-2.015884;  33.764359;  9.002636;,
		-2.016051;  23.696007;  8.971745;,
		-1.739746;  23.696007;  8.970167;,
		-1.740501; -0.955484;  8.837699;,
		-2.016831; -0.955484;  8.839314;,
		-1.750211;  23.696007;  7.139241;,
		-1.749443; -0.955484;  7.271661;,
		-1.100896; -0.955484;  7.912828;,
		-0.968777;  23.695557;  7.911760;,
		-2.000000;  24.110001;  9.110001;,
		-2.000000;  24.110001;  10.110001;,
		-2.000000;  24.910000;  10.110001;,
		-2.000000;  24.910000;  9.110001;,
		-2.000000;  24.110001;  10.110001;,
		-2.000000;  24.110001;  11.110001;,
		-2.000000;  24.910000;  11.110001;,
		-2.000000;  24.910000;  10.110001;,
		-2.000000;  24.110001;  11.110001;,
		-2.000000;  24.110001;  12.110001;,
		-2.000000;  24.910000;  12.110001;,
		-2.000000;  24.910000;  11.110001;,
		-2.000000;  24.110001;  12.110001;,
		-2.000000;  24.110001;  13.110001;,
		-2.000000;  24.910000;  13.110001;,
		-2.000000;  24.910000;  12.110001;,
		-2.000000;  24.110001;  13.110001;,
		-2.000000;  24.110001;  14.110001;,
		-2.000000;  24.910000;  14.110001;,
		-2.000000;  24.910000;  13.110001;,
		-2.000000;  24.110001;  14.110001;,
		-2.000000;  24.110001;  15.110001;,
		-2.000000;  24.910000;  15.110001;,
		-2.000000;  24.910000;  14.110001;,
		-2.000000;  24.110001;  15.110001;,
		-2.000000;  24.110001;  16.110001;,
		-2.000000;  24.910000;  16.110001;,
		-2.000000;  24.910000;  15.110001;,
		-2.000000;  24.110001;  16.110001;,
		-2.000000;  24.110001;  17.110001;,
		-2.000000;  24.910000;  17.110001;,
		-2.000000;  24.910000;  16.110001;,
		-2.000000;  24.110001;  17.110001;,
		-2.000000;  24.110001;  18.110001;,
		-2.000000;  24.910000;  18.110001;,
		-2.000000;  24.910000;  17.110001;,
		-2.000000;  24.110001;  18.110001;,
		-2.000000;  24.110001;  19.110001;,
		-2.000000;  24.910000;  19.110001;,
		-2.000000;  24.910000;  18.110001;,
		-2.000000;  24.110001;  19.110001;,
		-2.000000;  24.110001;  20.110001;,
		-2.000000;  24.910000;  20.110001;,
		-2.000000;  24.910000;  19.110001;,
		-2.000000;  24.110001;  20.110001;,
		-2.000000;  24.110001;  21.110001;,
		-2.000000;  24.910000;  21.110001;,
		-2.000000;  24.910000;  20.110001;,
		-2.000000;  24.910000;  9.110001;,
		-2.000000;  24.910000;  10.110001;,
		-2.000000;  25.709999;  10.110001;,
		-2.000000;  25.709999;  9.110001;,
		-2.000000;  24.910000;  10.110001;,
		-2.000000;  24.910000;  11.110001;,
		-2.000000;  25.709999;  11.110001;,
		-2.000000;  25.709999;  10.110001;,
		-2.000000;  24.910000;  11.110001;,
		-2.000000;  24.910000;  12.110001;,
		-2.000000;  25.709999;  12.110001;,
		-2.000000;  25.709999;  11.110001;,
		-2.000000;  24.910000;  12.110001;,
		-2.000000;  24.910000;  13.110001;,
		-2.000000;  25.709999;  13.110001;,
		-2.000000;  25.709999;  12.110001;,
		-2.000000;  24.910000;  13.110001;,
		-2.000000;  24.910000;  14.110001;,
		-2.000000;  25.709999;  14.110001;,
		-2.000000;  25.709999;  13.110001;,
		-2.000000;  24.910000;  14.110001;,
		-2.000000;  24.910000;  15.110001;,
		-2.000000;  25.709999;  15.110001;,
		-2.000000;  25.709999;  14.110001;,
		-2.000000;  24.910000;  15.110001;,
		-2.000000;  24.910000;  16.110001;,
		-2.000000;  25.709999;  16.110001;,
		-2.000000;  25.709999;  15.110001;,
		-2.000000;  24.910000;  16.110001;,
		-2.000000;  24.910000;  17.110001;,
		-2.000000;  25.709999;  17.110001;,
		-2.000000;  25.709999;  16.110001;,
		-2.000000;  24.910000;  17.110001;,
		-2.000000;  24.910000;  18.110001;,
		-2.000000;  25.709999;  18.110001;,
		-2.000000;  25.709999;  17.110001;,
		-2.000000;  24.910000;  18.110001;,
		-2.000000;  24.910000;  19.110001;,
		-2.000000;  25.709999;  19.110001;,
		-2.000000;  25.709999;  18.110001;,
		-2.000000;  24.910000;  19.110001;,
		-2.000000;  24.910000;  20.110001;,
		-2.000000;  25.709999;  20.110001;,
		-2.000000;  25.709999;  19.110001;,
		-2.000000;  24.910000;  20.110001;,
		-2.000000;  24.910000;  21.110001;,
		-2.000000;  25.709999;  21.110001;,
		-2.000000;  25.709999;  20.110001;,
		-2.000000;  25.709999;  9.110001;,
		-2.000000;  25.709999;  10.110001;,
		-2.000000;  26.510000;  10.110001;,
		-2.000000;  26.510000;  9.110001;,
		-2.000000;  25.709999;  10.110001;,
		-2.000000;  25.709999;  11.110001;,
		-2.000000;  26.510000;  11.110001;,
		-2.000000;  26.510000;  10.110001;,
		-2.000000;  25.709999;  11.110001;,
		-2.000000;  25.709999;  12.110001;,
		-2.000000;  26.510000;  12.110001;,
		-2.000000;  26.510000;  11.110001;,
		-2.000000;  25.709999;  12.110001;,
		-2.000000;  25.709999;  13.110001;,
		-2.000000;  26.510000;  13.110001;,
		-2.000000;  26.510000;  12.110001;,
		-2.000000;  25.709999;  13.110001;,
		-2.000000;  25.709999;  14.110001;,
		-2.000000;  26.510000;  14.110001;,
		-2.000000;  26.510000;  13.110001;,
		-2.000000;  25.709999;  14.110001;,
		-2.000000;  25.709999;  15.110001;,
		-2.000000;  26.510000;  15.110001;,
		-2.000000;  26.510000;  14.110001;,
		-2.000000;  25.709999;  15.110001;,
		-2.000000;  25.709999;  16.110001;,
		-2.000000;  26.510000;  16.110001;,
		-2.000000;  26.510000;  15.110001;,
		-2.000000;  25.709999;  16.110001;,
		-2.000000;  25.709999;  17.110001;,
		-2.000000;  26.510000;  17.110001;,
		-2.000000;  26.510000;  16.110001;,
		-2.000000;  25.709999;  17.110001;,
		-2.000000;  25.709999;  18.110001;,
		-2.000000;  26.510000;  18.110001;,
		-2.000000;  26.510000;  17.110001;,
		-2.000000;  25.709999;  18.110001;,
		-2.000000;  25.709999;  19.110001;,
		-2.000000;  26.510000;  19.110001;,
		-2.000000;  26.510000;  18.110001;,
		-2.000000;  25.709999;  19.110001;,
		-2.000000;  25.709999;  20.110001;,
		-2.000000;  26.510000;  20.110001;,
		-2.000000;  26.510000;  19.110001;,
		-2.000000;  25.709999;  20.110001;,
		-2.000000;  25.709999;  21.110001;,
		-2.000000;  26.510000;  21.110001;,
		-2.000000;  26.510000;  20.110001;,
		-2.000000;  26.510000;  9.110001;,
		-2.000000;  26.510000;  10.110001;,
		-2.000000;  27.309999;  10.110001;,
		-2.000000;  27.309999;  9.110001;,
		-2.000000;  26.510000;  10.110001;,
		-2.000000;  26.510000;  11.110001;,
		-2.000000;  27.309999;  11.110001;,
		-2.000000;  27.309999;  10.110001;,
		-2.000000;  26.510000;  11.110001;,
		-2.000000;  26.510000;  12.110001;,
		-2.000000;  27.309999;  12.110001;,
		-2.000000;  27.309999;  11.110001;,
		-2.000000;  26.510000;  12.110001;,
		-2.000000;  26.510000;  13.110001;,
		-2.000000;  27.309999;  13.110001;,
		-2.000000;  27.309999;  12.110001;,
		-2.000000;  26.510000;  13.110001;,
		-2.000000;  26.510000;  14.110001;,
		-2.000000;  27.309999;  14.110001;,
		-2.000000;  27.309999;  13.110001;,
		-2.000000;  26.510000;  14.110001;,
		-2.000000;  26.510000;  15.110001;,
		-2.000000;  27.309999;  15.110001;,
		-2.000000;  27.309999;  14.110001;,
		-2.000000;  26.510000;  15.110001;,
		-2.000000;  26.510000;  16.110001;,
		-2.000000;  27.309999;  16.110001;,
		-2.000000;  27.309999;  15.110001;,
		-2.000000;  26.510000;  16.110001;,
		-2.000000;  26.510000;  17.110001;,
		-2.000000;  27.309999;  17.110001;,
		-2.000000;  27.309999;  16.110001;,
		-2.000000;  26.510000;  17.110001;,
		-2.000000;  26.510000;  18.110001;,
		-2.000000;  27.309999;  18.110001;,
		-2.000000;  27.309999;  17.110001;,
		-2.000000;  26.510000;  18.110001;,
		-2.000000;  26.510000;  19.110001;,
		-2.000000;  27.309999;  19.110001;,
		-2.000000;  27.309999;  18.110001;,
		-2.000000;  26.510000;  19.110001;,
		-2.000000;  26.510000;  20.110001;,
		-2.000000;  27.309999;  20.110001;,
		-2.000000;  27.309999;  19.110001;,
		-2.000000;  26.510000;  20.110001;,
		-2.000000;  26.510000;  21.110001;,
		-2.000000;  27.309999;  21.110001;,
		-2.000000;  27.309999;  20.110001;,
		-2.000000;  27.309999;  9.110001;,
		-2.000000;  27.309999;  10.110001;,
		-2.000000;  28.110001;  10.110001;,
		-2.000000;  28.110001;  9.110001;,
		-2.000000;  27.309999;  10.110001;,
		-2.000000;  27.309999;  11.110001;,
		-2.000000;  28.110001;  11.110001;,
		-2.000000;  28.110001;  10.110001;,
		-2.000000;  27.309999;  11.110001;,
		-2.000000;  27.309999;  12.110001;,
		-2.000000;  28.110001;  12.110001;,
		-2.000000;  28.110001;  11.110001;,
		-2.000000;  27.309999;  12.110001;,
		-2.000000;  27.309999;  13.110001;,
		-2.000000;  28.110001;  13.110001;,
		-2.000000;  28.110001;  12.110001;,
		-2.000000;  27.309999;  13.110001;,
		-2.000000;  27.309999;  14.110001;,
		-2.000000;  28.110001;  14.110001;,
		-2.000000;  28.110001;  13.110001;,
		-2.000000;  27.309999;  14.110001;,
		-2.000000;  27.309999;  15.110001;,
		-2.000000;  28.110001;  15.110001;,
		-2.000000;  28.110001;  14.110001;,
		-2.000000;  27.309999;  15.110001;,
		-2.000000;  27.309999;  16.110001;,
		-2.000000;  28.110001;  16.110001;,
		-2.000000;  28.110001;  15.110001;,
		-2.000000;  27.309999;  16.110001;,
		-2.000000;  27.309999;  17.110001;,
		-2.000000;  28.110001;  17.110001;,
		-2.000000;  28.110001;  16.110001;,
		-2.000000;  27.309999;  17.110001;,
		-2.000000;  27.309999;  18.110001;,
		-2.000000;  28.110001;  18.110001;,
		-2.000000;  28.110001;  17.110001;,
		-2.000000;  27.309999;  18.110001;,
		-2.000000;  27.309999;  19.110001;,
		-2.000000;  28.110001;  19.110001;,
		-2.000000;  28.110001;  18.110001;,
		-2.000000;  27.309999;  19.110001;,
		-2.000000;  27.309999;  20.110001;,
		-2.000000;  28.110001;  20.110001;,
		-2.000000;  28.110001;  19.110001;,
		-2.000000;  27.309999;  20.110001;,
		-2.000000;  27.309999;  21.110001;,
		-2.000000;  28.110001;  21.110001;,
		-2.000000;  28.110001;  20.110001;,
		-2.000000;  28.110001;  9.110001;,
		-2.000000;  28.110001;  10.110001;,
		-2.000000;  28.910000;  10.110001;,
		-2.000000;  28.910000;  9.110001;,
		-2.000000;  28.110001;  10.110001;,
		-2.000000;  28.110001;  11.110001;,
		-2.000000;  28.910000;  11.110001;,
		-2.000000;  28.910000;  10.110001;,
		-2.000000;  28.110001;  11.110001;,
		-2.000000;  28.110001;  12.110001;,
		-2.000000;  28.910000;  12.110001;,
		-2.000000;  28.910000;  11.110001;,
		-2.000000;  28.110001;  12.110001;,
		-2.000000;  28.110001;  13.110001;,
		-2.000000;  28.910000;  13.110001;,
		-2.000000;  28.910000;  12.110001;,
		-2.000000;  28.110001;  13.110001;,
		-2.000000;  28.110001;  14.110001;,
		-2.000000;  28.910000;  14.110001;,
		-2.000000;  28.910000;  13.110001;,
		-2.000000;  28.110001;  14.110001;,
		-2.000000;  28.110001;  15.110001;,
		-2.000000;  28.910000;  15.110001;,
		-2.000000;  28.910000;  14.110001;,
		-2.000000;  28.110001;  15.110001;,
		-2.000000;  28.110001;  16.110001;,
		-2.000000;  28.910000;  16.110001;,
		-2.000000;  28.910000;  15.110001;,
		-2.000000;  28.110001;  16.110001;,
		-2.000000;  28.110001;  17.110001;,
		-2.000000;  28.910000;  17.110001;,
		-2.000000;  28.910000;  16.110001;,
		-2.000000;  28.110001;  17.110001;,
		-2.000000;  28.110001;  18.110001;,
		-2.000000;  28.910000;  18.110001;,
		-2.000000;  28.910000;  17.110001;,
		-2.000000;  28.110001;  18.110001;,
		-2.000000;  28.110001;  19.110001;,
		-2.000000;  28.910000;  19.110001;,
		-2.000000;  28.910000;  18.110001;,
		-2.000000;  28.110001;  19.110001;,
		-2.000000;  28.110001;  20.110001;,
		-2.000000;  28.910000;  20.110001;,
		-2.000000;  28.910000;  19.110001;,
		-2.000000;  28.110001;  20.110001;,
		-2.000000;  28.110001;  21.110001;,
		-2.000000;  28.910000;  21.110001;,
		-2.000000;  28.910000;  20.110001;,
		-2.000000;  28.910000;  9.110001;,
		-2.000000;  28.910000;  10.110001;,
		-2.000000;  29.709999;  10.110001;,
		-2.000000;  29.709999;  9.110001;,
		-2.000000;  28.910000;  10.110001;,
		-2.000000;  28.910000;  11.110001;,
		-2.000000;  29.709999;  11.110001;,
		-2.000000;  29.709999;  10.110001;,
		-2.000000;  28.910000;  11.110001;,
		-2.000000;  28.910000;  12.110001;,
		-2.000000;  29.709999;  12.110001;,
		-2.000000;  29.709999;  11.110001;,
		-2.000000;  28.910000;  12.110001;,
		-2.000000;  28.910000;  13.110001;,
		-2.000000;  29.709999;  13.110001;,
		-2.000000;  29.709999;  12.110001;,
		-2.000000;  28.910000;  13.110001;,
		-2.000000;  28.910000;  14.110001;,
		-2.000000;  29.709999;  14.110001;,
		-2.000000;  29.709999;  13.110001;,
		-2.000000;  28.910000;  14.110001;,
		-2.000000;  28.910000;  15.110001;,
		-2.000000;  29.709999;  15.110001;,
		-2.000000;  29.709999;  14.110001;,
		-2.000000;  28.910000;  15.110001;,
		-2.000000;  28.910000;  16.110001;,
		-2.000000;  29.709999;  16.110001;,
		-2.000000;  29.709999;  15.110001;,
		-2.000000;  28.910000;  16.110001;,
		-2.000000;  28.910000;  17.110001;,
		-2.000000;  29.709999;  17.110001;,
		-2.000000;  29.709999;  16.110001;,
		-2.000000;  28.910000;  17.110001;,
		-2.000000;  28.910000;  18.110001;,
		-2.000000;  29.709999;  18.110001;,
		-2.000000;  29.709999;  17.110001;,
		-2.000000;  28.910000;  18.110001;,
		-2.000000;  28.910000;  19.110001;,
		-2.000000;  29.709999;  19.110001;,
		-2.000000;  29.709999;  18.110001;,
		-2.000000;  28.910000;  19.110001;,
		-2.000000;  28.910000;  20.110001;,
		-2.000000;  29.709999;  20.110001;,
		-2.000000;  29.709999;  19.110001;,
		-2.000000;  28.910000;  20.110001;,
		-2.000000;  28.910000;  21.110001;,
		-2.000000;  29.709999;  21.110001;,
		-2.000000;  29.709999;  20.110001;,
		-2.000000;  29.709999;  9.110001;,
		-2.000000;  29.709999;  10.110001;,
		-2.000000;  30.510000;  10.110001;,
		-2.000000;  30.510000;  9.110001;,
		-2.000000;  29.709999;  10.110001;,
		-2.000000;  29.709999;  11.110001;,
		-2.000000;  30.510000;  11.110001;,
		-2.000000;  30.510000;  10.110001;,
		-2.000000;  29.709999;  11.110001;,
		-2.000000;  29.709999;  12.110001;,
		-2.000000;  30.510000;  12.110001;,
		-2.000000;  30.510000;  11.110001;,
		-2.000000;  29.709999;  12.110001;,
		-2.000000;  29.709999;  13.110001;,
		-2.000000;  30.510000;  13.110001;,
		-2.000000;  30.510000;  12.110001;,
		-2.000000;  29.709999;  13.110001;,
		-2.000000;  29.709999;  14.110001;,
		-2.000000;  30.510000;  14.110001;,
		-2.000000;  30.510000;  13.110001;,
		-2.000000;  29.709999;  14.110001;,
		-2.000000;  29.709999;  15.110001;,
		-2.000000;  30.510000;  15.110001;,
		-2.000000;  30.510000;  14.110001;,
		-2.000000;  29.709999;  15.110001;,
		-2.000000;  29.709999;  16.110001;,
		-2.000000;  30.510000;  16.110001;,
		-2.000000;  30.510000;  15.110001;,
		-2.000000;  29.709999;  16.110001;,
		-2.000000;  29.709999;  17.110001;,
		-2.000000;  30.510000;  17.110001;,
		-2.000000;  30.510000;  16.110001;,
		-2.000000;  29.709999;  17.110001;,
		-2.000000;  29.709999;  18.110001;,
		-2.000000;  30.510000;  18.110001;,
		-2.000000;  30.510000;  17.110001;,
		-2.000000;  29.709999;  18.110001;,
		-2.000000;  29.709999;  19.110001;,
		-2.000000;  30.510000;  19.110001;,
		-2.000000;  30.510000;  18.110001;,
		-2.000000;  29.709999;  19.110001;,
		-2.000000;  29.709999;  20.110001;,
		-2.000000;  30.510000;  20.110001;,
		-2.000000;  30.510000;  19.110001;,
		-2.000000;  29.709999;  20.110001;,
		-2.000000;  29.709999;  21.110001;,
		-2.000000;  30.510000;  21.110001;,
		-2.000000;  30.510000;  20.110001;,
		-2.000000;  30.510000;  9.110001;,
		-2.000000;  30.510000;  10.110001;,
		-2.000000;  31.309999;  10.110001;,
		-2.000000;  31.309999;  9.110001;,
		-2.000000;  30.510000;  10.110001;,
		-2.000000;  30.510000;  11.110001;,
		-2.000000;  31.309999;  11.110001;,
		-2.000000;  31.309999;  10.110001;,
		-2.000000;  30.510000;  11.110001;,
		-2.000000;  30.510000;  12.110001;,
		-2.000000;  31.309999;  12.110001;,
		-2.000000;  31.309999;  11.110001;,
		-2.000000;  30.510000;  12.110001;,
		-2.000000;  30.510000;  13.110001;,
		-2.000000;  31.309999;  13.110001;,
		-2.000000;  31.309999;  12.110001;,
		-2.000000;  30.510000;  13.110001;,
		-2.000000;  30.510000;  14.110001;,
		-2.000000;  31.309999;  14.110001;,
		-2.000000;  31.309999;  13.110001;,
		-2.000000;  30.510000;  14.110001;,
		-2.000000;  30.510000;  15.110001;,
		-2.000000;  31.309999;  15.110001;,
		-2.000000;  31.309999;  14.110001;,
		-2.000000;  30.510000;  15.110001;,
		-2.000000;  30.510000;  16.110001;,
		-2.000000;  31.309999;  16.110001;,
		-2.000000;  31.309999;  15.110001;,
		-2.000000;  30.510000;  16.110001;,
		-2.000000;  30.510000;  17.110001;,
		-2.000000;  31.309999;  17.110001;,
		-2.000000;  31.309999;  16.110001;,
		-2.000000;  30.510000;  17.110001;,
		-2.000000;  30.510000;  18.110001;,
		-2.000000;  31.309999;  18.110001;,
		-2.000000;  31.309999;  17.110001;,
		-2.000000;  30.510000;  18.110001;,
		-2.000000;  30.510000;  19.110001;,
		-2.000000;  31.309999;  19.110001;,
		-2.000000;  31.309999;  18.110001;,
		-2.000000;  30.510000;  19.110001;,
		-2.000000;  30.510000;  20.110001;,
		-2.000000;  31.309999;  20.110001;,
		-2.000000;  31.309999;  19.110001;,
		-2.000000;  30.510000;  20.110001;,
		-2.000000;  30.510000;  21.110001;,
		-2.000000;  31.309999;  21.110001;,
		-2.000000;  31.309999;  20.110001;,
		-2.000000;  31.309999;  9.110001;,
		-2.000000;  31.309999;  10.110001;,
		-2.000000;  32.110001;  10.110001;,
		-2.000000;  32.110001;  9.110001;,
		-2.000000;  31.309999;  10.110001;,
		-2.000000;  31.309999;  11.110001;,
		-2.000000;  32.110001;  11.110001;,
		-2.000000;  32.110001;  10.110001;,
		-2.000000;  31.309999;  11.110001;,
		-2.000000;  31.309999;  12.110001;,
		-2.000000;  32.110001;  12.110001;,
		-2.000000;  32.110001;  11.110001;,
		-2.000000;  31.309999;  12.110001;,
		-2.000000;  31.309999;  13.110001;,
		-2.000000;  32.110001;  13.110001;,
		-2.000000;  32.110001;  12.110001;,
		-2.000000;  31.309999;  13.110001;,
		-2.000000;  31.309999;  14.110001;,
		-2.000000;  32.110001;  14.110001;,
		-2.000000;  32.110001;  13.110001;,
		-2.000000;  31.309999;  14.110001;,
		-2.000000;  31.309999;  15.110001;,
		-2.000000;  32.110001;  15.110001;,
		-2.000000;  32.110001;  14.110001;,
		-2.000000;  31.309999;  15.110001;,
		-2.000000;  31.309999;  16.110001;,
		-2.000000;  32.110001;  16.110001;,
		-2.000000;  32.110001;  15.110001;,
		-2.000000;  31.309999;  16.110001;,
		-2.000000;  31.309999;  17.110001;,
		-2.000000;  32.110001;  17.110001;,
		-2.000000;  32.110001;  16.110001;,
		-2.000000;  31.309999;  17.110001;,
		-2.000000;  31.309999;  18.110001;,
		-2.000000;  32.110001;  18.110001;,
