xof 0303txt 0032

AnimTicksPerSecond {
	30;
}
Material lambert1 {
	 1.000000; 1.000000; 1.000000; 1.000000;;
	 128.000000;
	 0.500000; 0.500000; 0.500000;;
	 0.000000; 0.000000; 0.000000;;
}
Material blinn1 {
	 1.000000; 1.000000; 1.000000; 1.000000;;
	 128.000000;
	 0.500000; 0.500000; 0.500000;;
	 0.000000; 0.000000; 0.000000;;
	TextureFileName {".\\Curry_D.dds";}
}
Frame Curry_ROOTSHJnt {
	FrameTransformMatrix {
		0.999868,-0.016240,-0.000000,0.000000,0.016123,0.992698,0.119542,0.000000,-0.001941,-0.119527,0.992829,0.000000,0.025837,1.361491,-0.364522,1.000000;;
	}
	Frame Curry_Abdomen_AuxSHJnt {
		FrameTransformMatrix {
			0.998921,-0.012728,-0.044673,0.000000,0.026016,0.950036,0.311053,0.000000,0.038482,-0.311879,0.949342,0.000000,0.000000,0.000000,0.895018,1.000000;;
		}
	}
	Frame Curry_l_FrontLeg_HipSHJnt {
		FrameTransformMatrix {
			0.207662,-0.224259,-0.952147,0.000000,0.977962,0.069100,0.197017,0.000000,0.021611,-0.972077,0.233666,0.000000,0.468649,-0.455795,-0.461947,1.000000;;
		}
		Frame Curry_l_FrontLeg_KneeSHJnt {
			FrameTransformMatrix {
				-0.021359,0.000000,0.999772,0.000000,0.000000,1.000000,-0.000000,0.000000,-0.999772,-0.000000,-0.021359,0.000000,0.821869,-0.000000,-0.000000,1.000000;;
			}
		}
	}
	Frame Curry_r_FrontLeg_HipSHJnt {
		FrameTransformMatrix {
			-0.229733,-0.247894,-0.941154,0.000000,0.973250,-0.061266,-0.221431,0.000000,-0.002769,-0.966848,0.255337,0.000000,-0.468649,-0.455795,-0.461947,1.000000;;
		}
		Frame Curry_r_FrontLeg_KneeSHJnt {
			FrameTransformMatrix {
				0.009353,0.000000,0.999956,0.000000,0.000000,1.000000,-0.000000,0.000000,-0.999956,-0.000000,0.009353,0.000000,0.821869,0.000000,-0.000000,1.000000;;
			}
		}
	}
	Frame Curry_l_MiddleLeg_HipSHJnt {
		FrameTransformMatrix {
			0.581268,-0.295314,-0.758233,0.000000,0.793808,0.410631,0.448610,0.000000,0.178873,-0.862654,0.473109,0.000000,0.468649,-0.455795,0.002194,1.000000;;
		}
		Frame Curry_l_MiddleLeg_KneeSHJnt {
			FrameTransformMatrix {
				-0.251464,0.000000,0.967867,0.000000,0.000000,1.000000,-0.000000,0.000000,-0.967867,-0.000000,-0.251464,0.000000,0.821869,0.000000,-0.000000,1.000000;;
			}
		}
	}
	Frame Curry_r_MiddleLeg_HipSHJnt {
		FrameTransformMatrix {
			-0.591798,-0.321421,-0.739232,0.000000,0.791855,-0.403371,-0.458538,0.000000,-0.150801,-0.856727,0.493233,0.000000,-0.468649,-0.455795,0.002194,1.000000;;
		}
		Frame Curry_r_MiddleLeg_KneeSHJnt {
			FrameTransformMatrix {
				-0.206118,0.000000,0.978527,0.000000,0.000000,1.000000,-0.000000,0.000000,-0.978527,-0.000000,-0.206118,0.000000,0.821869,0.000000,-0.000000,1.000000;;
			}
		}
	}
	Frame Curry_l_BackLeg_HipSHJnt {
		FrameTransformMatrix {
			0.669816,-0.697270,-0.255267,0.000000,0.732817,0.565354,0.378621,0.000000,-0.119685,-0.440670,0.889654,0.000000,0.391293,-0.455795,0.466335,1.000000;;
		}
		Frame Curry_l_BackLeg_KneeSHJnt {
			FrameTransformMatrix {
				-0.273629,0.000000,0.961835,0.000000,0.000000,1.000000,-0.000000,0.000000,-0.961835,-0.000000,-0.273629,0.000000,0.821869,0.000000,-0.000000,1.000000;;
			}
		}
	}
	Frame Curry_r_BackLeg_HipSHJnt {
		FrameTransformMatrix {
			-0.667983,-0.701113,-0.249477,0.000000,0.732933,-0.561766,-0.383703,0.000000,0.128872,-0.439157,0.889119,0.000000,-0.382276,-0.455795,0.466335,1.000000;;
		}
		Frame Curry_r_BackLeg_KneeSHJnt {
			FrameTransformMatrix {
				-0.244268,0.000000,0.969708,0.000000,0.000000,1.000000,-0.000000,0.000000,-0.969708,-0.000000,-0.244268,0.000000,0.821869,0.000000,-0.000000,1.000000;;
			}
		}
	}
	Frame Curry_l_Pupil_AuxSHJnt {
		FrameTransformMatrix {
			0.871285,0.135862,0.471597,0.000000,0.474687,-0.477326,-0.739481,0.000000,0.124638,0.868160,-0.480379,0.000000,0.555875,-0.122307,-0.834038,1.000000;;
		}
	}
	Frame Curry_r_Pupil_AuxSHJnt {
		FrameTransformMatrix {
			0.884671,-0.370230,-0.283348,0.000000,-0.448608,-0.510552,-0.733544,0.000000,0.126916,0.776058,-0.617759,0.000000,-0.548598,-0.180033,-0.979364,1.000000;;
		}
	}
	Frame Curry_l_UpperLidOpen_AuxSHJnt {
		FrameTransformMatrix {
			0.000880,0.000289,0.000378,0.000000,0.000475,-0.000477,-0.000739,0.000000,-0.000033,0.000830,-0.000557,0.000000,0.563204,0.027120,-0.890626,1.000000;;
		}
	}
	Frame Curry_r_UpperLidOpen_AuxSHJnt {
		FrameTransformMatrix {
			0.000893,-0.000225,-0.000389,0.000000,-0.000449,-0.000511,-0.000734,0.000000,-0.000034,0.000830,-0.000557,0.000000,-0.516903,-0.044278,-1.057789,1.000000;;
		}
	}
	Frame Curry_l_UpperLidClosed_AuxSHJnt {
		FrameTransformMatrix {
			0.000880,0.000289,0.000378,0.000000,0.000475,-0.000477,-0.000739,0.000000,-0.000033,0.000830,-0.000557,0.000000,0.563204,0.027120,-0.890626,1.000000;;
		}
	}
	Frame Curry_r_UpperLidClosed_AuxSHJnt {
		FrameTransformMatrix {
			0.000893,-0.000225,-0.000389,0.000000,-0.000449,-0.000511,-0.000734,0.000000,-0.000034,0.000830,-0.000557,0.000000,-0.516903,-0.044278,-1.057789,1.000000;;
		}
	}
	Frame Curry_l_LowerLidClosed_AuxSHJnt {
		FrameTransformMatrix {
			0.000880,0.000289,0.000378,0.000000,0.000475,-0.000477,-0.000739,0.000000,-0.000033,0.000830,-0.000557,0.000000,0.563204,0.027120,-0.890626,1.000000;;
		}
	}
	Frame Curry_r_LowerLidClosed_AuxSHJnt {
		FrameTransformMatrix {
			0.000893,-0.000225,-0.000389,0.000000,-0.000449,-0.000511,-0.000734,0.000000,-0.000034,0.000830,-0.000557,0.000000,-0.516903,-0.044278,-1.057789,1.000000;;
		}
	}
	Frame Curry_l_LowerLidOpen_AuxSHJnt {
		FrameTransformMatrix {
			0.000880,0.000289,0.000378,0.000000,0.000475,-0.000477,-0.000739,0.000000,-0.000033,0.000830,-0.000557,0.000000,0.563204,0.027120,-0.890626,1.000000;;
		}
	}
	Frame Curry_r_LowerLidOpen_AuxSHJnt {
		FrameTransformMatrix {
			0.000893,-0.000225,-0.000389,0.000000,-0.000449,-0.000511,-0.000734,0.000000,-0.000034,0.000830,-0.000557,0.000000,-0.516903,-0.044278,-1.057789,1.000000;;
		}
	}
	Frame Curry_l_Wing_01_01SHJnt {
		FrameTransformMatrix {
			0.613690,-0.259672,0.745624,0.000000,0.769699,0.407179,-0.491701,0.000000,-0.175921,0.875657,0.449751,0.000000,0.746975,-0.117134,-0.302269,1.000000;;
		}
		Frame Curry_l_Wing_01_02SHJnt {
			FrameTransformMatrix {
				0.932469,-0.179710,0.313377,0.000000,0.053689,0.926789,0.371726,0.000000,-0.357237,-0.329798,0.873850,0.000000,1.722682,0.000000,-0.000000,1.000000;;
			}
			Frame Curry_l_Wing_01_03SHJnt {
				FrameTransformMatrix {
					0.913074,-0.248149,0.323601,0.000000,0.233847,0.968722,0.083028,0.000000,-0.334083,-0.000137,0.942544,0.000000,2.302064,0.000000,-0.000000,1.000000;;
				}
				Frame Curry_l_Wing_01_04SHJnt {
					FrameTransformMatrix {
						0.897366,-0.158601,0.411802,0.000000,0.143665,0.987342,0.067201,0.000000,-0.417247,-0.001142,0.908792,0.000000,1.940315,0.000000,-0.000000,1.000000;;
					}
					Frame Curry_l_WingD_01_01SHJnt {
						FrameTransformMatrix {
							0.071468,-0.378546,0.922819,0.000000,0.028017,0.925582,0.377509,0.000000,-0.997049,-0.001125,0.076755,0.000000,-0.116878,0.000000,1.079361,1.000000;;
						}
						Frame Curry_l_WingD_01_02SHJnt {
							FrameTransformMatrix {
								0.947248,-0.214392,0.238239,0.000000,0.241963,0.965828,-0.092902,0.000000,-0.210181,0.145647,0.966753,0.000000,1.311373,-0.000000,0.000000,1.000000;;
							}
						}
					}
				}
				Frame Curry_l_WingC_01_01SHJnt {
					FrameTransformMatrix {
						-0.200854,-0.263970,0.943386,0.000000,-0.055959,0.964530,0.257972,0.000000,-0.978022,-0.000976,-0.208502,0.000000,-0.085288,-0.000000,1.079594,1.000000;;
					}
					Frame Curry_l_WingC_01_02SHJnt {
						FrameTransformMatrix {
							0.945423,-0.308244,-0.105641,0.000000,0.310091,0.950706,0.001112,0.000000,0.100091,-0.033810,0.994404,0.000000,1.180199,0.026592,-0.000000,1.000000;;
						}
					}
				}
			}
			Frame Curry_l_WingB_01_01SHJnt {
				FrameTransformMatrix {
					0.396872,-0.207257,0.894168,0.000000,0.083684,0.978286,0.189612,0.000000,-0.914051,-0.000424,0.405599,0.000000,-0.260403,0.252479,1.135155,1.000000;;
				}
				Frame Curry_l_WingB_01_02SHJnt {
					FrameTransformMatrix {
						0.999962,0.000416,-0.008704,0.000000,-0.000410,1.000000,0.000699,0.000000,0.008704,-0.000696,0.999962,0.000000,0.847676,-0.140856,0.000000,1.000000;;
					}
				}
			}
		}
		Frame Curry_l_WingA_01_01SHJnt {
			FrameTransformMatrix {
				0.082947,-0.721440,0.687492,0.000000,-0.202867,0.663200,0.720424,0.000000,-0.975687,-0.199226,-0.091346,0.000000,-0.225217,0.000000,0.962290,1.000000;;
			}
			Frame Curry_l_WingA_01_02SHJnt {
				FrameTransformMatrix {
					0.970410,-0.239830,-0.028031,0.000000,0.239292,0.970716,-0.021216,0.000000,0.032298,0.013880,0.999382,0.000000,0.973310,-0.123118,-0.000947,1.000000;;
				}
				Frame Curry_l_WingA_01_03SHJnt {
					FrameTransformMatrix {
						0.843137,-0.158611,-0.513773,0.000000,0.221915,0.972976,0.063802,0.000000,0.489770,-0.167808,0.855550,0.000000,0.969969,-0.000000,-0.882019,1.000000;;
					}
					Frame Curry_l_WingA_01_04SHJnt {
						FrameTransformMatrix {
							0.998316,-0.054745,0.019213,0.000000,0.052418,0.993006,0.105787,0.000000,-0.024870,-0.104602,0.994203,0.000000,1.258953,0.076811,0.001413,1.000000;;
						}
					}
				}
			}
		}
	}
	Frame Curry_r_Wing_01_01SHJnt {
		FrameTransformMatrix {
			0.613690,0.259672,-0.745624,0.000000,-0.769699,0.407179,-0.491701,0.000000,0.175921,0.875657,0.449751,0.000000,-0.744755,-0.102982,-0.311005,1.000000;;
		}
		Frame Curry_r_Wing_01_02SHJnt {
			FrameTransformMatrix {
				0.932796,0.179217,-0.312688,0.000000,-0.053707,0.927032,0.371115,0.000000,0.356382,-0.329381,0.874357,0.000000,-1.722682,0.000000,-0.000000,1.000000;;
			}
			Frame Curry_r_Wing_01_03SHJnt {
				FrameTransformMatrix {
					0.913509,0.247925,-0.322545,0.000000,-0.233916,0.968779,0.082161,0.000000,0.332844,0.000393,0.942982,0.000000,-2.302064,-0.000000,0.000000,1.000000;;
				}
				Frame Curry_r_Wing_01_04SHJnt {
					FrameTransformMatrix {
						0.897869,0.158080,-0.410904,0.000000,-0.143578,0.987426,0.066142,0.000000,0.416193,-0.000390,0.909276,0.000000,-1.940315,0.000000,-0.000000,1.000000;;
					}
					Frame Curry_r_WingD_01_01SHJnt {
						FrameTransformMatrix {
							0.070807,0.378105,-0.923051,0.000000,-0.027728,0.925762,0.377089,0.000000,0.997105,-0.001106,0.076034,0.000000,0.116878,-0.000000,1.079361,1.000000;;
						}
						Frame Curry_r_WingD_01_02SHJnt {
							FrameTransformMatrix {
								0.947288,0.213521,-0.238862,0.000000,-0.241073,0.966093,-0.092458,0.000000,0.211021,0.145167,0.966642,0.000000,-1.311373,0.000000,-0.000000,1.000000;;
							}
						}
					}
				}
				Frame Curry_r_WingC_01_01SHJnt {
					FrameTransformMatrix {
						-0.201246,0.263164,-0.943528,0.000000,0.055910,0.964751,0.257158,0.000000,0.977944,-0.001000,-0.208866,0.000000,0.085288,0.000000,1.079594,1.000000;;
					}
					Frame Curry_r_WingC_01_02SHJnt {
						FrameTransformMatrix {
							0.951117,0.308831,-0.000442,0.000000,-0.308831,0.951116,0.001338,0.000000,0.000834,-0.001137,0.999999,0.000000,-1.261655,0.000000,-0.000000,1.000000;;
						}
					}
				}
			}
			Frame Curry_r_WingB_01_01SHJnt {
				FrameTransformMatrix {
					0.398866,0.206050,-0.893560,0.000000,-0.083417,0.978541,0.188410,0.000000,0.913207,-0.000612,0.407495,0.000000,0.260403,0.252479,1.135155,1.000000;;
				}
				Frame Curry_r_WingB_01_02SHJnt {
					FrameTransformMatrix {
						0.986327,0.164451,0.010745,0.000000,-0.155095,0.904216,0.397918,0.000000,0.055722,-0.394144,0.917358,0.000000,-0.847676,-0.173503,0.000000,1.000000;;
					}
				}
			}
		}
		Frame Curry_r_WingA_01_01SHJnt {
			FrameTransformMatrix {
				0.025874,0.826161,-0.562840,0.000000,0.243076,0.540931,0.805176,0.000000,0.969662,-0.157646,-0.186824,0.000000,0.201774,-0.076832,0.878918,1.000000;;
			}
			Frame Curry_r_WingA_01_02SHJnt {
				FrameTransformMatrix {
					0.953049,0.241747,0.182360,0.000000,-0.252686,0.966762,0.038994,0.000000,-0.166872,-0.083243,0.982458,0.000000,-0.967461,-0.143253,-0.003446,1.000000;;
				}
				Frame Curry_r_WingA_01_03SHJnt {
					FrameTransformMatrix {
						0.860774,0.074407,0.503520,0.000000,-0.160506,0.978463,0.129797,0.000000,-0.483018,-0.192544,0.854178,0.000000,-0.962493,-0.029839,-0.880269,1.000000;;
					}
					Frame Curry_r_WingA_01_04SHJnt {
						FrameTransformMatrix {
							0.974671,0.223636,0.001580,0.000000,-0.222543,0.969161,0.105837,0.000000,0.022138,-0.103508,0.994382,0.000000,-1.254642,-0.000000,-0.006725,1.000000;;
						}
					}
				}
			}
		}
	}
}
Frame group7 {
	FrameTransformMatrix {
		1.000000,0.000000,-0.000000,0.000000,0.000000,1.000000,-0.000000,0.000000,-0.000000,-0.000000,1.000000,0.000000,0.000000,0.000000,-0.000000,1.000000;;
	}
	Mesh group7Shape {
		7196;
		 0.807065;  2.064651; -0.562491;,
		 0.724065;  1.930686; -0.630512;,
		 0.752222;  1.875215; -0.377570;,
		 0.814672;  2.006778; -0.315305;,
		 0.807065;  2.064651; -0.562491;,
		 0.817834;  2.136276; -0.803318;,
		 0.705934;  1.995774; -0.914004;,
		 0.724065;  1.930686; -0.630512;,
		 0.807065;  2.064651; -0.562491;,
		 0.849209;  2.209923; -0.479108;,
		 0.850219;  2.299384; -0.746081;,
		 0.817834;  2.136276; -0.803318;,
		 0.807065;  2.064651; -0.562491;,
		 0.814672;  2.006778; -0.315305;,
		 0.845264;  2.152268; -0.245971;,
		 0.849209;  2.209923; -0.479108;,
		 0.849209;  2.209923; -0.479108;,
		 0.845264;  2.152268; -0.245971;,
		 0.821066;  2.284755; -0.180795;,
		 0.817898;  2.337133; -0.390724;,
		 0.849209;  2.209923; -0.479108;,
		 0.817898;  2.337133; -0.390724;,
		 0.831843;  2.415067; -0.602794;,
		 0.850219;  2.299384; -0.746081;,
		 0.814672;  2.006778; -0.315305;,
		 0.819289;  1.971846; -0.072554;,
		 0.852322;  2.121634; -0.019801;,
		 0.845264;  2.152268; -0.245971;,
		 0.814672;  2.006778; -0.315305;,
		 0.752222;  1.875215; -0.377570;,
		 0.766933;  1.835709; -0.125111;,
		 0.819289;  1.971846; -0.072554;,
		 0.845264;  2.152268; -0.245971;,
		 0.852322;  2.121634; -0.019801;,
		 0.824103;  2.258953;  0.020827;,
		 0.821066;  2.284755; -0.180795;,
		 0.824103;  2.258953;  0.020827;,
		 0.781450;  2.253589;  0.196252;,
		 0.743366;  2.346466;  0.181670;,
		 0.744559;  2.356570;  0.056151;,
		 0.824103;  2.258953;  0.020827;,
		 0.852322;  2.121634; -0.019801;,
		 0.806512;  2.114828;  0.192172;,
		 0.781450;  2.253589;  0.196252;,
		 0.824103;  2.258953;  0.020827;,
		 0.744559;  2.356570;  0.056151;,
		 0.743568;  2.380589; -0.122446;,
		 0.821066;  2.284755; -0.180795;,
		-0.601333;  2.118312;  0.349817;,
		-0.721591;  2.123353;  0.062831;,
		-0.678944;  2.254522;  0.026644;,
		-0.592041;  2.257217;  0.328130;,
		-0.601333;  2.118312;  0.349817;,
		-0.525174;  2.008180;  0.309348;,
		-0.655055;  1.987833;  0.066744;,
		-0.721591;  2.123353;  0.062831;,
		-0.601333;  2.118312;  0.349817;,
		-0.364169;  2.106433;  0.508216;,
		-0.349231;  1.986985;  0.460125;,
		-0.525174;  2.008180;  0.309348;,
		-0.601333;  2.118312;  0.349817;,
		-0.592041;  2.257217;  0.328130;,
		-0.343970;  2.226996;  0.467674;,
		-0.364169;  2.106433;  0.508216;,
		-0.592041;  2.257217;  0.328130;,
		-0.678944;  2.254522;  0.026644;,
		-0.608364;  2.394732;  0.002708;,
		-0.527457;  2.398188;  0.269854;,
		-0.592041;  2.257217;  0.328130;,
		-0.527457;  2.398188;  0.269854;,
		-0.306738;  2.343642;  0.391082;,
		-0.343970;  2.226996;  0.467674;,
		-0.527457;  2.398188;  0.269854;,
		-0.425286;  2.428107;  0.180890;,
		-0.255779;  2.437511;  0.240189;,
		-0.306738;  2.343642;  0.391082;,
		-0.527457;  2.398188;  0.269854;,
		-0.608364;  2.394732;  0.002708;,
		-0.455555;  2.478192; -0.033992;,
		-0.425286;  2.428107;  0.180890;,
		-0.678944;  2.254522;  0.026644;,
		-0.713259;  2.244403; -0.368773;,
		-0.632566;  2.426830; -0.320995;,
		-0.608364;  2.394732;  0.002708;,
		-0.678944;  2.254522;  0.026644;,
		-0.721591;  2.123353;  0.062831;,
		-0.729065;  2.076358; -0.277271;,
		-0.713259;  2.244403; -0.368773;,
		-0.720483;  2.217832; -0.769634;,
		-0.739898;  2.262646; -0.859832;,
		-0.751210;  2.348254; -0.849267;,
		-0.722943;  2.334763; -0.661210;,
		-0.720483;  2.217832; -0.769634;,
		-0.691935;  2.144832; -0.896735;,
		-0.728860;  2.219771; -0.967123;,
		-0.739898;  2.262646; -0.859832;,
		-0.720483;  2.217832; -0.769634;,
		-0.716342;  2.133380; -0.659212;,
		-0.688174;  2.087885; -0.816893;,
		-0.691935;  2.144832; -0.896735;,
		-0.720483;  2.217832; -0.769634;,
		-0.722943;  2.334763; -0.661210;,
		-0.713259;  2.244403; -0.368773;,
		-0.716342;  2.133380; -0.659212;,
		 0.558869;  1.865868; -0.900592;,
		 0.368694;  1.853771; -0.904240;,
		 0.400471;  1.827052; -0.678640;,
		 0.598332;  1.836741; -0.669514;,
		 0.558869;  1.865868; -0.900592;,
		 0.514408;  1.888042; -1.055441;,
		 0.359351;  1.891366; -1.083487;,
		 0.368694;  1.853771; -0.904240;,
		 0.558869;  1.865868; -0.900592;,
		 0.705934;  1.995774; -0.914004;,
		 0.557475;  1.978001; -1.123049;,
		 0.514408;  1.888042; -1.055441;,
		 0.558869;  1.865868; -0.900592;,
		 0.598332;  1.836741; -0.669514;,
		 0.724065;  1.930686; -0.630512;,
		 0.705934;  1.995774; -0.914004;,
		 0.598332;  1.836741; -0.669514;,
		 0.628268;  1.805124; -0.415973;,
		 0.752222;  1.875215; -0.377570;,
		 0.724065;  1.930686; -0.630512;,
		 0.598332;  1.836741; -0.669514;,
		 0.400471;  1.827052; -0.678640;,
		 0.447643;  1.801351; -0.428563;,
		 0.628268;  1.805124; -0.415973;,
		 0.628268;  1.805124; -0.415973;,
		 0.643525;  1.777508; -0.171633;,
		 0.766933;  1.835709; -0.125111;,
		 0.752222;  1.875215; -0.377570;,
		 0.628268;  1.805124; -0.415973;,
		 0.447643;  1.801351; -0.428563;,
		 0.487759;  1.782254; -0.194758;,
		 0.643525;  1.777508; -0.171633;,
		-0.092029;  1.840131; -0.918380;,
		-0.053278;  1.806561; -0.659823;,
		 0.178102;  1.824741; -0.677823;,
		 0.144911;  1.838673; -0.918254;,
		-0.092029;  1.840131; -0.918380;,
		-0.313942;  1.857626; -0.901674;,
		-0.273043;  1.821731; -0.624629;,
		-0.053278;  1.806561; -0.659823;,
		-0.092029;  1.840131; -0.918380;,
		-0.106743;  1.884784; -1.139679;,
		-0.330388;  1.914725; -1.132789;,
		-0.313942;  1.857626; -0.901674;,
		-0.092029;  1.840131; -0.918380;,
		 0.144911;  1.838673; -0.918254;,
		 0.135865;  1.885863; -1.118725;,
		-0.106743;  1.884784; -1.139679;,
		-0.106743;  1.884784; -1.139679;,
		 0.135865;  1.885863; -1.118725;,
		 0.137600;  1.950784; -1.274339;,
		-0.109617;  1.929993; -1.319857;,
		-0.106743;  1.884784; -1.139679;,
		-0.109617;  1.929993; -1.319857;,
		-0.341005;  1.957033; -1.317114;,
		-0.330388;  1.914725; -1.132789;,
		 0.240203;  1.793316; -0.417146;,
		 0.311774;  1.776928; -0.171805;,
		 0.487759;  1.782254; -0.194758;,
		 0.447643;  1.801351; -0.428563;,
		 0.240203;  1.793316; -0.417146;,
		 0.019366;  1.793808; -0.379646;,
		 0.113568;  1.771182; -0.114962;,
		 0.311774;  1.776928; -0.171805;,
		 0.240203;  1.793316; -0.417146;,
		 0.178102;  1.824741; -0.677823;,
		-0.053278;  1.806561; -0.659823;,
		 0.019366;  1.793808; -0.379646;,
		 0.240203;  1.793316; -0.417146;,
		 0.447643;  1.801351; -0.428563;,
		 0.400471;  1.827052; -0.678640;,
		 0.178102;  1.824741; -0.677823;,
		 0.178102;  1.824741; -0.677823;,
		 0.400471;  1.827052; -0.678640;,
		 0.368694;  1.853771; -0.904240;,
		 0.144911;  1.838673; -0.918254;,
		 0.144911;  1.838673; -0.918254;,
		 0.368694;  1.853771; -0.904240;,
		 0.359351;  1.891366; -1.083487;,
		 0.135865;  1.885863; -1.118725;,
		 0.135865;  1.885863; -1.118725;,
		 0.359351;  1.891366; -1.083487;,
		 0.360835;  1.974543; -1.205986;,
		 0.137600;  1.950784; -1.274339;,
		 0.487759;  1.782254; -0.194758;,
		 0.506325;  1.759846; -0.040706;,
		 0.601895;  1.767146;  0.025644;,
		 0.643525;  1.777508; -0.171633;,
		 0.487759;  1.782254; -0.194758;,
		 0.311774;  1.776928; -0.171805;,
		 0.390787;  1.750772;  0.024632;,
		 0.506325;  1.759846; -0.040706;,
		 0.359351;  1.891366; -1.083487;,
		 0.514408;  1.888042; -1.055441;,
		 0.557475;  1.978001; -1.123049;,
		 0.360835;  1.974543; -1.205986;,
		 0.231077;  2.697140; -0.965408;,
		 0.295366;  2.687493; -0.770576;,
		 0.100708;  2.645823; -0.672843;,
		 0.021711;  2.670959; -0.883408;,
		 0.231077;  2.697140; -0.965408;,
		 0.396269;  2.699809; -1.025613;,
		 0.464082;  2.697263; -0.839207;,
		 0.295366;  2.687493; -0.770576;,
		 0.231077;  2.697140; -0.965408;,
		 0.185426;  2.681864; -1.126128;,
		 0.330449;  2.682600; -1.140351;,
		 0.396269;  2.699809; -1.025613;,
		 0.231077;  2.697140; -0.965408;,
		 0.021711;  2.670959; -0.883408;,
		-0.029804;  2.687263; -1.073349;,
		 0.185426;  2.681864; -1.126128;,
		 0.185426;  2.681864; -1.126128;,
		-0.029804;  2.687263; -1.073349;,
		-0.050927;  2.671827; -1.240396;,
		 0.184046;  2.664261; -1.257617;,
		 0.185426;  2.681864; -1.126128;,
		 0.184046;  2.664261; -1.257617;,
		 0.378916;  2.678029; -1.218454;,
		 0.330449;  2.682600; -1.140351;,
		-0.029804;  2.687263; -1.073349;,
		-0.250481;  2.630471; -0.997725;,
		-0.276305;  2.604220; -1.185109;,
		-0.050927;  2.671827; -1.240396;,
		-0.029804;  2.687263; -1.073349;,
		 0.021711;  2.670959; -0.883408;,
		-0.201394;  2.640963; -0.780513;,
		-0.250481;  2.630471; -0.997725;,
		-0.276305;  2.604220; -1.185109;,
		-0.481497;  2.570837; -1.136204;,
		-0.497941;  2.477555; -1.309145;,
		-0.278400;  2.555740; -1.332996;,
		-0.276305;  2.604220; -1.185109;,
		-0.250481;  2.630471; -0.997725;,
		-0.459578;  2.620770; -0.932129;,
		-0.481497;  2.570837; -1.136204;,
		-0.276305;  2.604220; -1.185109;,
		-0.278400;  2.555740; -1.332996;,
		-0.042320;  2.617784; -1.368084;,
		-0.050927;  2.671827; -1.240396;,
		 0.831843;  2.415067; -0.602794;,
		 0.802874;  2.506634; -0.523127;,
		 0.843067;  2.581749; -0.751105;,
		 0.887133;  2.489501; -0.803304;,
		 0.831843;  2.415067; -0.602794;,
		 0.817898;  2.337133; -0.390724;,
		 0.768103;  2.437727; -0.315328;,
		 0.802874;  2.506634; -0.523127;,
		 0.831843;  2.415067; -0.602794;,
		 0.887133;  2.489501; -0.803304;,
		 0.862324;  2.416271; -0.853200;,
		 0.850219;  2.299384; -0.746081;,
		 0.802874;  2.506634; -0.523127;,
		 0.740424;  2.577082; -0.476212;,
		 0.751315;  2.619897; -0.716148;,
		 0.843067;  2.581749; -0.751105;,
		 0.802874;  2.506634; -0.523127;,
		 0.768103;  2.437727; -0.315328;,
		 0.697074;  2.521567; -0.262314;,
		 0.740424;  2.577082; -0.476212;,
		 0.817898;  2.337133; -0.390724;,
		 0.821066;  2.284755; -0.180795;,
		 0.743568;  2.380589; -0.122446;,
		 0.768103;  2.437727; -0.315328;,
		 0.768103;  2.437727; -0.315328;,
		 0.743568;  2.380589; -0.122446;,
		 0.658863;  2.467941; -0.071731;,
		 0.697074;  2.521567; -0.262314;,
		 0.743568;  2.380589; -0.122446;,
		 0.744559;  2.356570;  0.056151;,
		 0.640242;  2.431240;  0.101731;,
		 0.658863;  2.467941; -0.071731;,
		 0.744559;  2.356570;  0.056151;,
		 0.743366;  2.346466;  0.181670;,
		 0.641131;  2.376989;  0.244162;,
		 0.640242;  2.431240;  0.101731;,
		 0.526168;  2.508229; -1.394955;,
		 0.725909;  2.513942; -1.245206;,
		 0.672197;  2.591046; -1.210607;,
		 0.482699;  2.592044; -1.361324;,
		 0.526168;  2.508229; -1.394955;,
		 0.566278;  2.390457; -1.405044;,
		 0.763982;  2.401145; -1.253079;,
		 0.725909;  2.513942; -1.245206;,
		 0.526168;  2.508229; -1.394955;,
		 0.274397;  2.487920; -1.464750;,
		 0.310347;  2.376861; -1.469104;,
		 0.566278;  2.390457; -1.405044;,
		 0.526168;  2.508229; -1.394955;,
		 0.482699;  2.592044; -1.361324;,
		 0.237936;  2.568816; -1.419507;,
		 0.274397;  2.487920; -1.464750;,
		 0.482699;  2.592044; -1.361324;,
		 0.672197;  2.591046; -1.210607;,
		 0.605576;  2.655885; -1.159369;,
		 0.435762;  2.656061; -1.304316;,
		 0.482699;  2.592044; -1.361324;,
		 0.435762;  2.656061; -1.304316;,
		 0.207956;  2.634516; -1.360033;,
		 0.237936;  2.568816; -1.419507;,
		 0.435762;  2.656061; -1.304316;,
		 0.605576;  2.655885; -1.159369;,
		 0.517157;  2.704240; -1.093984;,
		 0.378916;  2.678029; -1.218454;,
		 0.435762;  2.656061; -1.304316;,
		 0.378916;  2.678029; -1.218454;,
		 0.184046;  2.664261; -1.257617;,
		 0.207956;  2.634516; -1.360033;,
		 0.378916;  2.678029; -1.218454;,
		 0.517157;  2.704240; -1.093984;,
		 0.396269;  2.699809; -1.025613;,
		 0.330449;  2.682600; -1.140351;,
		 0.763982;  2.401145; -1.253079;,
		 0.745820;  2.278722; -1.186369;,
		 0.831123;  2.302832; -0.997094;,
		 0.820852;  2.418478; -1.025213;,
		 0.763982;  2.401145; -1.253079;,
		 0.566278;  2.390457; -1.405044;,
		 0.563496;  2.263896; -1.310766;,
		 0.745820;  2.278722; -1.186369;,
		 0.763982;  2.401145; -1.253079;,
		 0.820852;  2.418478; -1.025213;,
		 0.839732;  2.509487; -1.030559;,
		 0.725909;  2.513942; -1.245206;,
		 0.725909;  2.513942; -1.245206;,
		 0.839732;  2.509487; -1.030559;,
		 0.781483;  2.576353; -0.998292;,
		 0.672197;  2.591046; -1.210607;,
		 0.672197;  2.591046; -1.210607;,
		 0.781483;  2.576353; -0.998292;,
		 0.708418;  2.640702; -0.955144;,
		 0.605576;  2.655885; -1.159369;,
		 0.820852;  2.418478; -1.025213;,
		 0.862324;  2.416271; -0.853200;,
		 0.887133;  2.489501; -0.803304;,
		 0.839732;  2.509487; -1.030559;,
		 0.820852;  2.418478; -1.025213;,
		 0.831123;  2.302832; -0.997094;,
		 0.850219;  2.299384; -0.746081;,
		 0.862324;  2.416271; -0.853200;,
		 0.274397;  2.487920; -1.464750;,
		 0.237936;  2.568816; -1.419507;,
		-0.016074;  2.539616; -1.437161;,
		 0.018414;  2.448306; -1.479382;,
		 0.274397;  2.487920; -1.464750;,
		 0.018414;  2.448306; -1.479382;,
		 0.058251;  2.335492; -1.495020;,
		 0.310347;  2.376861; -1.469104;,
		 0.237936;  2.568816; -1.419507;,
		 0.207956;  2.634516; -1.360033;,
		-0.042320;  2.617784; -1.368084;,
		-0.016074;  2.539616; -1.437161;,
		-0.016074;  2.539616; -1.437161;,
		-0.042320;  2.617784; -1.368084;,
		-0.278400;  2.555740; -1.332996;,
		-0.247916;  2.475132; -1.409212;,
		-0.016074;  2.539616; -1.437161;,
		-0.247916;  2.475132; -1.409212;,
		-0.210590;  2.391277; -1.453386;,
		 0.018414;  2.448306; -1.479382;,
		 0.207956;  2.634516; -1.360033;,
		 0.184046;  2.664261; -1.257617;,
		-0.050927;  2.671827; -1.240396;,
		-0.042320;  2.617784; -1.368084;,
		-0.278400;  2.555740; -1.332996;,
		-0.497941;  2.477555; -1.309145;,
		-0.433060;  2.402155; -1.399295;,
		-0.247916;  2.475132; -1.409212;,
		-0.109617;  1.929993; -1.319857;,
		 0.137600;  1.950784; -1.274339;,
		 0.123245;  2.073513; -1.366950;,
		-0.115808;  2.043373; -1.414868;,
		-0.109617;  1.929993; -1.319857;,
		-0.115808;  2.043373; -1.414868;,
		-0.340976;  2.045268; -1.434588;,
		-0.341005;  1.957033; -1.317114;,
		 0.137600;  1.950784; -1.274339;,
		 0.360835;  1.974543; -1.205986;,
		 0.349347;  2.108925; -1.292912;,
		 0.123245;  2.073513; -1.366950;,
		 0.123245;  2.073513; -1.366950;,
		 0.349347;  2.108925; -1.292912;,
		 0.333659;  2.245584; -1.388106;,
		 0.095557;  2.206620; -1.443147;,
		 0.123245;  2.073513; -1.366950;,
		 0.095557;  2.206620; -1.443147;,
		-0.135446;  2.172296; -1.450937;,
		-0.115808;  2.043373; -1.414868;,
		 0.360835;  1.974543; -1.205986;,
		 0.557475;  1.978001; -1.123049;,
		 0.565548;  2.119528; -1.216285;,
		 0.349347;  2.108925; -1.292912;,
		 0.491205;  2.488028;  0.138504;,
		 0.640242;  2.431240;  0.101731;,
		 0.641131;  2.376989;  0.244162;,
		 0.474338;  2.418564;  0.302324;,
		 0.491205;  2.488028;  0.138504;,
		 0.527511;  2.518241; -0.052754;,
		 0.658863;  2.467941; -0.071731;,
		 0.640242;  2.431240;  0.101731;,
		 0.491205;  2.488028;  0.138504;,
		 0.300568;  2.528585;  0.142121;,
		 0.371335;  2.567708; -0.064458;,
		 0.527511;  2.518241; -0.052754;,
		 0.491205;  2.488028;  0.138504;,
		 0.474338;  2.418564;  0.302324;,
		 0.253721;  2.445238;  0.325533;,
		 0.300568;  2.528585;  0.142121;,
		 0.300568;  2.528585;  0.142121;,
		 0.253721;  2.445238;  0.325533;,
		-0.000219;  2.451690;  0.303661;,
		 0.074365;  2.558658;  0.093356;,
		 0.300568;  2.528585;  0.142121;,
		 0.074365;  2.558658;  0.093356;,
		 0.193204;  2.600155; -0.136411;,
		 0.371335;  2.567708; -0.064458;,
		 0.641131;  2.376989;  0.244162;,
		 0.656269;  2.269993;  0.324241;,
		 0.467633;  2.299164;  0.409723;,
		 0.474338;  2.418564;  0.302324;,
		 0.641131;  2.376989;  0.244162;,
		 0.743366;  2.346466;  0.181670;,
		 0.781450;  2.253589;  0.196252;,
		 0.656269;  2.269993;  0.324241;,
		 0.474338;  2.418564;  0.302324;,
		 0.467633;  2.299164;  0.409723;,
		 0.227682;  2.325727;  0.457237;,
		 0.253721;  2.445238;  0.325533;,
		 0.253721;  2.445238;  0.325533;,
		 0.227682;  2.325727;  0.457237;,
		-0.043373;  2.330663;  0.446482;,
		-0.000219;  2.451690;  0.303661;,
		 0.626178;  2.600986; -0.456285;,
		 0.504914;  2.625038; -0.447218;,
		 0.505834;  2.650266; -0.638231;,
		 0.638900;  2.645787; -0.677517;,
		 0.626178;  2.600986; -0.456285;,
		 0.580695;  2.564639; -0.247098;,
		 0.449155;  2.611965; -0.256797;,
		 0.504914;  2.625038; -0.447218;,
		 0.626178;  2.600986; -0.456285;,
		 0.740424;  2.577082; -0.476212;,
		 0.697074;  2.521567; -0.262314;,
		 0.580695;  2.564639; -0.247098;,
		 0.626178;  2.600986; -0.456285;,
		 0.638900;  2.645787; -0.677517;,
		 0.751315;  2.619897; -0.716148;,
		 0.740424;  2.577082; -0.476212;,
		 0.504914;  2.625038; -0.447218;,
		 0.399671;  2.638885; -0.449014;,
		 0.357570;  2.648359; -0.581806;,
		 0.505834;  2.650266; -0.638231;,
		 0.504914;  2.625038; -0.447218;,
		 0.449155;  2.611965; -0.256797;,
		 0.311117;  2.646858; -0.320129;,
		 0.399671;  2.638885; -0.449014;,
		 0.449155;  2.611965; -0.256797;,
		 0.371335;  2.567708; -0.064458;,
		 0.193204;  2.600155; -0.136411;,
		 0.311117;  2.646858; -0.320129;,
		 0.449155;  2.611965; -0.256797;,
		 0.580695;  2.564639; -0.247098;,
		 0.527511;  2.518241; -0.052754;,
		 0.371335;  2.567708; -0.064458;,
		 0.643525;  1.777508; -0.171633;,
		 0.601895;  1.767146;  0.025644;,
		 0.718829;  1.818335;  0.104382;,
		 0.766933;  1.835709; -0.125111;,
		 0.766933;  1.835709; -0.125111;,
		 0.718829;  1.818335;  0.104382;,
		 0.774693;  1.958713;  0.154835;,
		 0.819289;  1.971846; -0.072554;,
		 0.601895;  1.767146;  0.025644;,
		 0.485842;  1.769483;  0.170992;,
		 0.586837;  1.834579;  0.285522;,
		 0.718829;  1.818335;  0.104382;,
		 0.601895;  1.767146;  0.025644;,
		 0.506325;  1.759846; -0.040706;,
		 0.390787;  1.750772;  0.024632;,
		 0.485842;  1.769483;  0.170992;,
		 0.718829;  1.818335;  0.104382;,
		 0.586837;  1.834579;  0.285522;,
		 0.650183;  1.969851;  0.350602;,
		 0.774693;  1.958713;  0.154835;,
		 0.586837;  1.834579;  0.285522;,
		 0.384933;  1.860211;  0.417055;,
		 0.441797;  1.996756;  0.489010;,
		 0.650183;  1.969851;  0.350602;,
		 0.586837;  1.834579;  0.285522;,
		 0.485842;  1.769483;  0.170992;,
		 0.302832;  1.786530;  0.281420;,
		 0.384933;  1.860211;  0.417055;,
		 0.650183;  1.969851;  0.350602;,
		 0.676505;  2.127282;  0.368969;,
		 0.806512;  2.114828;  0.192172;,
		 0.774693;  1.958713;  0.154835;,
		 0.650183;  1.969851;  0.350602;,
		 0.441797;  1.996756;  0.489010;,
		 0.463540;  2.156933;  0.478376;,
		 0.676505;  2.127282;  0.368969;,
		 0.441797;  1.996756;  0.489010;,
		 0.177824;  2.032987;  0.532992;,
		 0.205282;  2.179681;  0.517457;,
		 0.463540;  2.156933;  0.478376;,
		 0.441797;  1.996756;  0.489010;,
		 0.384933;  1.860211;  0.417055;,
		 0.140353;  1.879201;  0.516312;,
		 0.177824;  2.032987;  0.532992;,
		 0.021711;  2.670959; -0.883408;,
		 0.100708;  2.645823; -0.672843;,
		-0.115597;  2.633304; -0.534703;,
		-0.201394;  2.640963; -0.780513;,
		-0.115597;  2.633304; -0.534703;,
		-0.339971;  2.629783; -0.400154;,
		-0.414999;  2.641259; -0.685292;,
		-0.201394;  2.640963; -0.780513;,
		-0.115597;  2.633304; -0.534703;,
		 0.016063;  2.621874; -0.296386;,
		-0.207974;  2.582793; -0.054383;,
		-0.339971;  2.629783; -0.400154;,
		-0.115597;  2.633304; -0.534703;,
		 0.100708;  2.645823; -0.672843;,
		 0.195927;  2.641506; -0.468384;,
		 0.016063;  2.621874; -0.296386;,
		-0.201394;  2.640963; -0.780513;,
		-0.414999;  2.641259; -0.685292;,
		-0.459578;  2.620770; -0.932129;,
		-0.250481;  2.630471; -0.997725;,
		-0.636858;  2.416640; -1.239791;,
		-0.625872;  2.497305; -1.084426;,
		-0.711364;  2.411583; -1.045794;,
		-0.709450;  2.340429; -1.199917;,
		-0.636858;  2.416640; -1.239791;,
		-0.497941;  2.477555; -1.309145;,
		-0.481497;  2.570837; -1.136204;,
		-0.625872;  2.497305; -1.084426;,
		-0.636858;  2.416640; -1.239791;,
		-0.643407;  2.340809; -1.350385;,
		-0.581550;  2.378022; -1.367001;,
		-0.497941;  2.477555; -1.309145;,
		-0.636858;  2.416640; -1.239791;,
		-0.709450;  2.340429; -1.199917;,
		-0.690378;  2.273491; -1.322455;,
		-0.643407;  2.340809; -1.350385;,
		-0.709450;  2.340429; -1.199917;,
		-0.720774;  2.255228; -1.153674;,
		-0.690318;  2.193284; -1.266166;,
		-0.690378;  2.273491; -1.322455;,
		-0.709450;  2.340429; -1.199917;,
		-0.711364;  2.411583; -1.045794;,
		-0.740544;  2.312511; -1.011083;,
		-0.720774;  2.255228; -1.153674;,
		-0.621513;  2.570464; -0.884878;,
		-0.593940;  2.596984; -0.628608;,
		-0.697864;  2.480450; -0.615591;,
		-0.708319;  2.463398; -0.855319;,
		-0.621513;  2.570464; -0.884878;,
		-0.459578;  2.620770; -0.932129;,
		-0.414999;  2.641259; -0.685292;,
		-0.593940;  2.596984; -0.628608;,
		-0.621513;  2.570464; -0.884878;,
		-0.625872;  2.497305; -1.084426;,
		-0.481497;  2.570837; -1.136204;,
		-0.459578;  2.620770; -0.932129;,
		-0.621513;  2.570464; -0.884878;,
		-0.708319;  2.463398; -0.855319;,
		-0.711364;  2.411583; -1.045794;,
		-0.625872;  2.497305; -1.084426;,
		-0.593940;  2.596984; -0.628608;,
		-0.530497;  2.558362; -0.327492;,
		-0.632566;  2.426830; -0.320995;,
		-0.697864;  2.480450; -0.615591;,
		-0.593940;  2.596984; -0.628608;,
		-0.414999;  2.641259; -0.685292;,
		-0.339971;  2.629783; -0.400154;,
		-0.530497;  2.558362; -0.327492;,
		-0.697864;  2.480450; -0.615591;,
		-0.632566;  2.426830; -0.320995;,
		-0.713259;  2.244403; -0.368773;,
		-0.722943;  2.334763; -0.661210;,
		-0.697864;  2.480450; -0.615591;,
		-0.722943;  2.334763; -0.661210;,
		-0.751210;  2.348254; -0.849267;,
		-0.708319;  2.463398; -0.855319;,
		-0.530497;  2.558362; -0.327492;,
		-0.455555;  2.478192; -0.033992;,
		-0.608364;  2.394732;  0.002708;,
		-0.632566;  2.426830; -0.320995;,
		-0.530497;  2.558362; -0.327492;,
		-0.339971;  2.629783; -0.400154;,
		-0.207974;  2.582793; -0.054383;,
		-0.455555;  2.478192; -0.033992;,
		 0.311117;  2.646858; -0.320129;,
		 0.193204;  2.600155; -0.136411;,
		 0.016063;  2.621874; -0.296386;,
		 0.195927;  2.641506; -0.468384;,
		 0.311117;  2.646858; -0.320129;,
		 0.195927;  2.641506; -0.468384;,
		 0.357570;  2.648359; -0.581806;,
		 0.399671;  2.638885; -0.449014;,
		 0.195927;  2.641506; -0.468384;,
		 0.100708;  2.645823; -0.672843;,
		 0.295366;  2.687493; -0.770576;,
		 0.357570;  2.648359; -0.581806;,
		 0.016063;  2.621874; -0.296386;,
		 0.193204;  2.600155; -0.136411;,
		 0.074365;  2.558658;  0.093356;,
		-0.207974;  2.582793; -0.054383;,
		-0.000219;  2.451690;  0.303661;,
		-0.043373;  2.330663;  0.446482;,
		-0.306738;  2.343642;  0.391082;,
		-0.255779;  2.437511;  0.240189;,
		-0.000219;  2.451690;  0.303661;,
		-0.255779;  2.437511;  0.240189;,
		-0.207974;  2.582793; -0.054383;,
		 0.074365;  2.558658;  0.093356;,
		-0.255779;  2.437511;  0.240189;,
		-0.425286;  2.428107;  0.180890;,
		-0.455555;  2.478192; -0.033992;,
		-0.207974;  2.582793; -0.054383;,
		-0.504949;  1.947908; -1.112975;,
		-0.514471;  1.997559; -1.291169;,
		-0.633482;  2.041928; -1.254547;,
		-0.621059;  1.980469; -1.089934;,
		-0.504949;  1.947908; -1.112975;,
		-0.330388;  1.914725; -1.132789;,
		-0.341005;  1.957033; -1.317114;,
		-0.514471;  1.997559; -1.291169;,
		-0.504949;  1.947908; -1.112975;,
		-0.493802;  1.873693; -0.879024;,
		-0.313942;  1.857626; -0.901674;,
		-0.330388;  1.914725; -1.132789;,
		-0.504949;  1.947908; -1.112975;,
		-0.621059;  1.980469; -1.089934;,
		-0.615530;  1.919271; -0.861951;,
		-0.493802;  1.873693; -0.879024;,
		-0.681100;  1.968675; -0.851745;,
		-0.696293;  2.032272; -0.836761;,
		-0.734818;  2.036188; -0.597730;,
		-0.706294;  1.949073; -0.573083;,
		-0.681100;  1.968675; -0.851745;,
		-0.673887;  2.026575; -1.051898;,
		-0.678586;  2.087041; -0.994172;,
		-0.696293;  2.032272; -0.836761;,
		-0.681100;  1.968675; -0.851745;,
		-0.615530;  1.919271; -0.861951;,
		-0.621059;  1.980469; -1.089934;,
		-0.673887;  2.026575; -1.051898;,
		-0.681100;  1.968675; -0.851745;,
		-0.706294;  1.949073; -0.573083;,
		-0.613899;  1.877906; -0.570152;,
		-0.615530;  1.919271; -0.861951;,
		-0.696293;  2.032272; -0.836761;,
		-0.688174;  2.087885; -0.816893;,
		-0.716342;  2.133380; -0.659212;,
		-0.734818;  2.036188; -0.597730;,
		-0.696293;  2.032272; -0.836761;,
		-0.678586;  2.087041; -0.994172;,
		-0.691935;  2.144832; -0.896735;,
		-0.688174;  2.087885; -0.816893;,
		-0.734818;  2.036188; -0.597730;,
		-0.716342;  2.133380; -0.659212;,
		-0.713259;  2.244403; -0.368773;,
		-0.729065;  2.076358; -0.277271;,
		-0.734818;  2.036188; -0.597730;,
		-0.729065;  2.076358; -0.277271;,
		-0.699306;  1.975899; -0.251788;,
		-0.706294;  1.949073; -0.573083;,
		 0.817834;  2.136276; -0.803318;,
		 0.835001;  2.188680; -0.974350;,
		 0.738107;  2.141864; -1.094548;,
		 0.705934;  1.995774; -0.914004;,
		 0.817834;  2.136276; -0.803318;,
		 0.850219;  2.299384; -0.746081;,
		 0.831123;  2.302832; -0.997094;,
		 0.835001;  2.188680; -0.974350;,
		 0.697074;  2.521567; -0.262314;,
		 0.658863;  2.467941; -0.071731;,
		 0.527511;  2.518241; -0.052754;,
		 0.580695;  2.564639; -0.247098;,
		-0.643407;  2.340809; -1.350385;,
		-0.600419;  2.280827; -1.420242;,
		-0.541974;  2.337754; -1.409204;,
		-0.581550;  2.378022; -1.367001;,
		-0.643407;  2.340809; -1.350385;,
		-0.690378;  2.273491; -1.322455;,
		-0.637413;  2.202248; -1.415891;,
		-0.600419;  2.280827; -1.420242;,
		 0.349347;  2.108925; -1.292912;,
		 0.565548;  2.119528; -1.216285;,
		 0.563496;  2.263896; -1.310766;,
		 0.333659;  2.245584; -1.388106;,
		 0.557475;  1.978001; -1.123049;,
		 0.705934;  1.995774; -0.914004;,
		 0.738107;  2.141864; -1.094548;,
		 0.565548;  2.119528; -1.216285;,
		 0.819289;  1.971846; -0.072554;,
		 0.774693;  1.958713;  0.154835;,
		 0.806512;  2.114828;  0.192172;,
		 0.852322;  2.121634; -0.019801;,
		 0.806512;  2.114828;  0.192172;,
		 0.676505;  2.127282;  0.368969;,
		 0.656269;  2.269993;  0.324241;,
		 0.781450;  2.253589;  0.196252;,
		 0.676505;  2.127282;  0.368969;,
		 0.463540;  2.156933;  0.478376;,
		 0.467633;  2.299164;  0.409723;,
		 0.656269;  2.269993;  0.324241;,
		 0.463540;  2.156933;  0.478376;,
		 0.205282;  2.179681;  0.517457;,
		 0.227682;  2.325727;  0.457237;,
		 0.467633;  2.299164;  0.409723;,
		 0.311774;  1.776928; -0.171805;,
		 0.113568;  1.771182; -0.114962;,
		 0.209901;  1.758874;  0.106069;,
		 0.390787;  1.750772;  0.024632;,
		 0.390787;  1.750772;  0.024632;,
		 0.209901;  1.758874;  0.106069;,
		 0.302832;  1.786530;  0.281420;,
		 0.485842;  1.769483;  0.170992;,
		-0.053278;  1.806561; -0.659823;,
		-0.273043;  1.821731; -0.624629;,
		-0.199789;  1.807689; -0.328892;,
		 0.019366;  1.793808; -0.379646;,
		 0.019366;  1.793808; -0.379646;,
		-0.199789;  1.807689; -0.328892;,
		-0.102862;  1.784143; -0.051527;,
		 0.113568;  1.771182; -0.114962;,
		 0.113568;  1.771182; -0.114962;,
		-0.102862;  1.784143; -0.051527;,
		-0.008564;  1.784695;  0.174624;,
		 0.209901;  1.758874;  0.106069;,
		 0.209901;  1.758874;  0.106069;,
		-0.008564;  1.784695;  0.174624;,
		 0.069952;  1.806412;  0.358185;,
		 0.302832;  1.786530;  0.281420;,
		-0.313942;  1.857626; -0.901674;,
		-0.493802;  1.873693; -0.879024;,
		-0.462633;  1.841822; -0.588918;,
		-0.273043;  1.821731; -0.624629;,
		-0.273043;  1.821731; -0.624629;,
		-0.462633;  1.841822; -0.588918;,
		-0.401452;  1.851765; -0.283365;,
		-0.199789;  1.807689; -0.328892;,
		-0.199789;  1.807689; -0.328892;,
		-0.401452;  1.851765; -0.283365;,
		-0.312671;  1.856630; -0.001568;,
		-0.102862;  1.784143; -0.051527;,
		-0.102862;  1.784143; -0.051527;,
		-0.312671;  1.856630; -0.001568;,
		-0.223664;  1.866968;  0.223219;,
		-0.008564;  1.784695;  0.174624;,
		-0.008564;  1.784695;  0.174624;,
		-0.223664;  1.866968;  0.223219;,
		-0.160225;  1.888988;  0.383983;,
		 0.069952;  1.806412;  0.358185;,
		-0.312671;  1.856630; -0.001568;,
		-0.498669;  1.926912;  0.035475;,
		-0.402750;  1.937391;  0.258634;,
